fecha|cliente|servicio|vehiculo|origen|destino|km|cant_tramos
07/01/2011|14|12000|5|06134030|26007020|227|1
05/01/2011|3|12001|2|50056060|14028040|895|1
18/01/2011|7|12002|1|14021280|06119050|141|1
27/01/2011|8|12003|5|50049050|14021320|1075|1
02/01/2011|18|12004|4|14028040|14021280|849|1
16/01/2011|6|12005|2|14028020|06134050|197|1
09/01/2011|12|12006|1|26014010|14182270|517|1
11/01/2011|3|12007|5|50049110|14021230|579|1
09/01/2011|3|12008|2|26007030|14021240|312|1
22/01/2011|14|12009|2|14021250|26014010|876|1
18/01/2011|12|12010|4|06119020|50056060|1125|1
13/01/2011|3|12011|4|06134060|06134040|211|1
27/01/2011|19|12012|2|14021250|06119060|81|1
22/01/2011|3|12013|2|26007020|06224010|155|1
11/01/2011|16|12014|1|06119050|14021290|135|1
13/01/2011|5|12015|5|14182270|26007030|520|1
12/01/2011|20|12016|3|06119020|06119050|625|1
21/01/2011|1|12017|5|06134040|14021270|800|1
31/01/2011|19|12018|3|50049010|50042020|513|1
07/01/2011|15|12019|4|06210050|14182270|898|1
10/01/2011|7|12020|6|06119070|50049110|64|1
29/01/2011|7|12021|4|14021280|26007020|146|1
03/01/2011|2|12022|5|06119050|06217010|539|1
12/01/2011|16|12023|4|14021310|14028020|1095|1
02/01/2011|6|12024|4|50049010|06134050|100|1
16/01/2011|2|12025|5|06112080|14182280|746|1
07/01/2011|18|12026|5|06224010|26014010|493|1
08/01/2011|11|12027|6|06134020|50056050|725|1
01/01/2011|11|12028|5|06126040|14182290|903|1
08/01/2011|9|12029|3|14021290|14028040|547|1
16/01/2011|9|12030|4|14021250|06119070|662|1
13/01/2011|15|12031|4|50049090|06126010|337|1
26/01/2011|2|12032|1|50056060|06119020|46|1
11/01/2011|11|12033|6|06126030|06210050|320|1
16/01/2011|3|12034|6|06112090|14028020|1061|1
13/01/2011|3|12035|5|06217010|50049050|348|1
17/01/2011|2|12036|1|26014010|14028030|754|1
18/01/2011|2|12037|6|14021250|06134010|1078|1
06/01/2011|13|12038|1|06119060|50049090|941|1
30/01/2011|12|12039|3|06217030|06134020|173|1
03/01/2011|12|12040|1|06126010|50035050|488|1
24/02/2011|19|12041|3|14028040|14182270|880|1
20/02/2011|9|12042|4|26007030|14182270|1091|1
26/02/2011|10|12043|5|06119040|14182280|328|1
01/02/2011|7|12044|3|06217010|14021270|890|1
09/02/2011|16|12045|4|14021230|14021310|912|1
16/02/2011|13|12046|2|06126020|06119010|1134|1
17/02/2011|16|12047|5|14021270|14021320|293|1
28/02/2011|13|12048|3|06126040|06224010|379|1
19/02/2011|9|12049|1|06210050|50056050|267|1
26/02/2011|19|12050|5|14182280|14182270|697|1
25/02/2011|3|12051|5|14182290|14028030|988|1
22/02/2011|15|12052|2|06126010|06126030|607|1
20/02/2011|14|12053|5|26014010|06210050|948|1
14/02/2011|13|12054|4|26007030|06119050|80|1
11/02/2011|5|12055|6|06217030|06224010|636|1
20/02/2011|4|12056|2|50042020|06119020|399|1
24/02/2011|8|12057|5|14021320|06119070|620|1
13/02/2011|19|12058|4|06112090|14028050|901|1
22/02/2011|18|12059|6|50035060|06119080|759|1
20/02/2011|17|12060|4|14182280|14182270|573|1
22/02/2011|3|12061|1|14021280|06119060|65|1
25/02/2011|1|12062|4|14021250|06224020|603|1
17/02/2011|18|12063|5|06224020|06217010|114|1
20/02/2011|5|12064|6|06126020|50049050|288|1
13/02/2011|19|12065|3|14182290|50049110|318|1
06/02/2011|20|12066|1|26014010|50049010|893|1
26/02/2011|18|12067|6|06134010|26007030|194|1
18/02/2011|1|12068|3|26007020|06134020|123|1
12/02/2011|1|12069|6|06224020|26014010|824|1
15/02/2011|15|12070|3|26007040|14021240|201|1
08/02/2011|18|12071|3|06119050|06119010|510|1
15/02/2011|18|12072|4|06134060|06112080|596|1
25/02/2011|19|12073|2|14021250|14028050|317|1
20/02/2011|3|12074|3|50056060|50035060|258|1
18/02/2011|19|12075|2|50049050|14021290|874|1
08/02/2011|10|12076|5|14182290|06224020|1053|1
03/02/2011|12|12077|3|14021270|26007020|70|1
19/02/2011|3|12078|4|06134060|14028030|459|1
26/02/2011|20|12079|3|06119040|14021230|776|1
05/02/2011|19|12080|1|14028020|14021240|216|1
15/02/2011|16|12081|5|06119070|14021260|913|1
15/03/2011|1|12082|2|14028020|06112080|369|1
21/03/2011|20|12083|5|14021310|50042020|888|1
22/03/2011|10|12084|3|50056050|26007030|152|1
29/03/2011|7|12085|2|14021280|06134050|186|1
26/03/2011|2|12086|2|06210050|06126010|945|1
22/03/2011|1|12087|5|06119070|06112080|867|1
08/03/2011|3|12088|5|50035060|06217020|589|1
12/03/2011|15|12089|6|14182270|06217030|213|1
31/03/2011|6|12090|1|06126020|06112090|617|1
27/03/2011|16|12091|5|50049010|14021300|111|1
16/03/2011|7|12092|4|06119040|06112090|552|1
16/03/2011|19|12093|4|14021230|06119040|934|1
03/03/2011|6|12094|1|14021310|14028040|142|1
21/03/2011|3|12095|6|06119060|06134030|219|1
05/03/2011|6|12096|2|14028050|06112090|574|1
16/03/2011|7|12097|6|06134060|06119020|113|1
26/03/2011|7|12098|5|14021310|06126010|214|1
13/03/2011|9|12099|2|14021280|50042020|758|1
30/03/2011|17|12100|4|06119090|06217020|809|1
25/03/2011|12|12101|3|14021250|26007040|183|1
06/03/2011|7|12102|6|50042030|06126020|1084|1
03/03/2011|3|12103|6|14021250|14182290|873|1
03/03/2011|9|12104|5|06119050|14182270|617|1
14/03/2011|18|12105|1|06217010|06119060|693|1
21/03/2011|10|12106|2|50049050|14021260|801|1
19/03/2011|13|12107|3|06134020|26007040|295|1
20/03/2011|18|12108|3|06134050|06126030|1117|1
28/03/2011|11|12109|6|14021310|14028040|417|1
19/03/2011|18|12110|5|14021310|06217010|182|1
21/03/2011|4|12111|4|26007030|06134050|239|1
31/03/2011|18|12112|6|06126040|06210050|587|1
17/03/2011|5|12113|2|06126030|06134050|961|1
25/03/2011|16|12114|4|06119080|50049010|168|1
18/03/2011|8|12115|4|06119010|06134020|724|1
23/03/2011|16|12116|2|14021300|26007020|1125|1
25/03/2011|3|12117|1|06126020|14021230|507|1
19/03/2011|13|12118|4|06134060|14021300|831|1
19/03/2011|19|12119|2|06134020|06112090|483|1
18/03/2011|12|12120|1|14021250|50049090|151|1
15/03/2011|8|12121|6|06134040|14021230|956|1
30/03/2011|12|12122|2|14021230|14028020|801|1
18/03/2011|20|12123|1|50049050|06134040|555|1
18/03/2011|10|12124|5|06224020|14021290|77|1
05/04/2011|13|12125|2|26007040|50035050|1076|1
05/04/2011|6|12126|4|50056060|06224010|713|1
02/04/2011|19|12127|5|14021310|06224020|545|1
24/04/2011|6|12128|6|06134060|06126010|363|1
18/04/2011|6|12129|1|50049110|06126010|990|1
15/04/2011|20|12130|3|50049090|14021270|963|1
23/04/2011|19|12131|4|14021270|14028020|188|1
12/04/2011|8|12132|6|06134030|06119010|308|1
01/04/2011|5|12133|1|50035050|06119080|220|1
14/04/2011|17|12134|2|06217010|14028020|448|1
22/04/2011|11|12135|2|14021240|26007030|271|1
04/04/2011|2|12136|6|50049110|06224010|189|1
02/04/2011|9|12137|3|50056060|50049010|722|1
29/04/2011|4|12138|6|26007030|50056050|443|1
20/04/2011|4|12139|6|06119050|06119010|872|1
20/04/2011|19|12140|4|06119060|06217020|649|1
04/04/2011|12|12141|4|06126040|06134060|723|1
07/04/2011|1|12142|4|14021280|06134050|273|1
23/04/2011|10|12143|6|06134020|06134060|190|1
26/04/2011|9|12144|4|06112090|06119070|121|1
27/04/2011|14|12145|1|06112090|06112080|653|1
19/04/2011|16|12146|2|06210050|14021290|951|1
20/04/2011|2|12147|2|50042020|06210050|1106|1
28/04/2011|13|12148|1|06217020|06112090|735|1
03/04/2011|4|12149|1|14021260|06119060|435|1
02/04/2011|18|12150|3|14182270|14021260|153|1
08/04/2011|13|12151|3|50056060|14182290|279|1
07/04/2011|19|12152|4|06112080|50056060|62|1
28/04/2011|10|12153|6|06119050|26007020|196|1
27/04/2011|15|12154|5|14021230|14021310|535|1
01/04/2011|16|12155|3|50049050|06126030|489|1
16/04/2011|19|12156|3|50035060|50035050|600|1
10/04/2011|11|12157|6|14021300|06134020|1126|1
24/04/2011|13|12158|6|26007030|50056050|585|1
26/04/2011|6|12159|1|14021310|06119020|1103|1
30/04/2011|16|12160|1|50056060|50035060|692|1
21/04/2011|11|12161|1|06126020|14021270|969|1
30/04/2011|19|12162|3|26007040|14021250|1009|1
24/04/2011|7|12163|6|50042030|14021260|790|1
31/05/2011|20|12164|6|06217020|14021310|317|1
26/05/2011|19|12165|4|14028040|14021230|107|1
10/05/2011|18|12166|2|06119020|06119040|98|1
28/05/2011|6|12167|2|14021280|06134030|616|1
31/05/2011|1|12168|6|14028050|50056050|154|1
25/05/2011|14|12169|1|14028030|06134010|741|1
05/05/2011|9|12170|1|26007020|50049110|103|1
13/05/2011|8|12171|2|06224010|50056050|794|1
17/05/2011|10|12172|6|26007020|06134020|928|1
31/05/2011|20|12173|3|06119080|06134040|555|1
30/05/2011|11|12174|2|14021280|50035060|799|1
05/05/2011|17|12175|3|14182270|06217010|577|1
04/05/2011|10|12176|6|06217020|06126010|792|1
11/05/2011|11|12177|5|06210050|50049090|324|1
01/05/2011|2|12178|1|14182280|14021290|559|1
10/05/2011|4|12179|2|06126010|06134020|942|1
26/05/2011|12|12180|1|06210050|26007020|802|1
15/05/2011|16|12181|1|06134020|14021290|120|1
07/05/2011|6|12182|6|14028030|50042030|305|1
21/05/2011|1|12183|5|50056050|06217010|40|1
02/05/2011|10|12184|2|14028020|06217020|1077|1
07/05/2011|18|12185|5|14021300|06126030|465|1
24/05/2011|11|12186|2|14021310|50049050|559|1
24/05/2011|20|12187|4|50049010|26007030|186|1
16/05/2011|7|12188|3|50042030|26007030|949|1
04/05/2011|18|12189|3|06134040|14021240|857|1
10/05/2011|18|12190|1|14182290|06134030|293|1
31/05/2011|2|12191|4|14182270|14028040|141|1
03/05/2011|7|12192|1|50035060|06126020|905|1
09/05/2011|8|12193|2|50049010|06210050|103|1
02/05/2011|1|12194|4|06126020|26007020|857|1
26/05/2011|6|12195|2|14021320|50049110|174|1
12/05/2011|6|12196|6|06119080|14021310|807|1
01/05/2011|5|12197|4|06119040|14021260|618|1
30/05/2011|12|12198|1|06134030|26007020|699|1
11/05/2011|17|12199|2|06112090|06134060|119|1
20/05/2011|14|12200|1|50049090|06217010|1009|1
03/05/2011|10|12201|6|06134060|06126040|233|1
04/05/2011|15|12202|5|50035060|06126040|672|1
21/05/2011|3|12203|1|06119040|06119070|314|1
13/05/2011|10|12204|3|50049090|14021260|856|1
16/05/2011|4|12205|2|50035060|50049090|69|1
07/05/2011|18|12206|4|14182290|06134010|128|1
11/06/2011|15|12207|6|14021290|50035060|155|1
05/06/2011|7|12208|1|14021270|06119020|1022|1
22/06/2011|7|12209|6|14021260|14021300|313|1
26/06/2011|8|12210|2|06134020|14028050|735|1
13/06/2011|11|12211|2|50049050|14028030|662|1
01/06/2011|20|12212|5|06119080|06112080|971|1
28/06/2011|3|12213|5|06119040|06134050|310|1
16/06/2011|9|12214|4|06112090|14028050|407|1
05/06/2011|1|12215|4|50056060|06119080|1083|1
15/06/2011|15|12216|2|06134020|14021270|521|1
15/06/2011|7|12217|1|06126020|50056050|334|1
23/06/2011|19|12218|6|06134050|06134060|251|1
23/06/2011|11|12219|4|06119020|50035050|560|1
21/06/2011|19|12220|2|06126040|06119040|146|1
20/06/2011|16|12221|3|14021240|14021320|40|1
09/06/2011|6|12222|4|14021250|06119080|769|1
01/06/2011|9|12223|1|06224010|06134060|1117|1
18/06/2011|9|12224|5|14021310|06217020|668|1
09/06/2011|15|12225|5|06119090|06119040|263|1
26/06/2011|4|12226|1|06134020|14021300|881|1
06/06/2011|2|12227|2|06217020|06126010|210|1
09/06/2011|9|12228|6|06210050|50035060|256|1
20/06/2011|17|12229|6|06119060|50056060|54|1
12/06/2011|4|12230|3|06134010|06119060|660|1
09/06/2011|7|12231|3|14028040|06119070|158|1
09/06/2011|18|12232|2|14028040|06134060|416|1
07/06/2011|3|12233|3|14021320|26007020|41|1
15/06/2011|4|12234|3|06217030|06210050|1033|1
18/06/2011|10|12235|5|06119040|06134060|1073|1
10/06/2011|10|12236|3|14021270|06126010|503|1
20/06/2011|14|12237|5|26007030|06119040|764|1
10/06/2011|2|12238|5|06224010|06217020|934|1
30/06/2011|18|12239|1|14021320|14182290|1130|1
14/06/2011|8|12240|2|50042020|14021240|474|1
07/06/2011|18|12241|1|06126040|06134060|342|1
21/06/2011|5|12242|2|26007030|14021270|601|1
01/06/2011|14|12243|1|26007030|26007020|1133|1
25/06/2011|11|12244|3|06217020|14021250|948|1
10/06/2011|14|12245|1|14028040|06224010|760|1
30/06/2011|17|12246|5|06217020|06119090|608|1
10/06/2011|4|12247|4|06119050|06112090|420|1
03/07/2011|6|12248|1|06119060|50042020|304|1
11/07/2011|19|12249|6|14028020|26007020|899|1
15/07/2011|3|12250|6|50035060|50042030|119|1
22/07/2011|13|12251|4|06224010|06119080|1107|1
05/07/2011|20|12252|4|06217020|06119090|124|1
12/07/2011|13|12253|4|14021250|14021280|804|1
30/07/2011|10|12254|5|06224010|06134030|870|1
11/07/2011|17|12255|4|06119050|14021260|383|1
11/07/2011|7|12256|2|06210050|06119040|522|1
07/07/2011|6|12257|4|06119040|14021300|364|1
28/07/2011|9|12258|2|06134060|06119020|866|1
02/07/2011|6|12259|6|14021300|06134040|563|1
28/07/2011|16|12260|3|26007020|06134050|922|1
12/07/2011|12|12261|3|06119050|06112090|478|1
26/07/2011|9|12262|1|06112080|14021280|527|1
16/07/2011|16|12263|4|06134020|50049050|401|1
16/07/2011|7|12264|4|06119060|14021230|538|1
19/07/2011|12|12265|3|06217020|50035050|105|1
07/07/2011|7|12266|3|06134040|14182270|1111|1
19/07/2011|9|12267|2|14021310|06217020|120|1
15/07/2011|7|12268|3|14028030|50042030|101|1
02/07/2011|3|12269|4|06217010|06224020|230|1
19/07/2011|17|12270|1|06134030|06119050|747|1
15/07/2011|15|12271|6|50049010|14028030|223|1
31/07/2011|14|12272|4|26007040|50049010|983|1
28/07/2011|10|12273|6|14028020|26014010|815|1
30/07/2011|10|12274|5|50056050|14021320|1044|1
13/07/2011|2|12275|1|26014010|06224010|987|1
14/07/2011|11|12276|6|06126010|50042020|600|1
17/07/2011|16|12277|6|14182290|06126020|645|1
02/07/2011|8|12278|4|06126010|50035060|93|1
26/07/2011|6|12279|2|06134020|50042030|453|1
30/07/2011|4|12280|4|06134060|26007040|609|1
18/07/2011|4|12281|5|06112080|14021240|51|1
03/07/2011|15|12282|1|14021320|26014010|455|1
20/07/2011|19|12283|1|06217010|26007030|793|1
02/07/2011|17|12284|5|06134030|14021250|386|1
13/07/2011|7|12285|3|14021320|06134060|1030|1
12/07/2011|8|12286|6|06112080|14028040|235|1
16/07/2011|11|12287|3|14021230|06134050|1073|1
10/07/2011|14|12288|3|06119020|14021280|1099|1
27/08/2011|14|12289|2|14028050|06119050|103|1
26/08/2011|7|12290|2|26014010|50035050|491|1
26/08/2011|6|12291|4|14021300|06119040|371|1
29/08/2011|16|12292|3|14028040|06217030|882|1
07/08/2011|9|12293|5|06119070|06119060|224|1
01/08/2011|6|12294|5|14028020|50035050|101|1
11/08/2011|5|12295|4|14028020|14021250|636|1
05/08/2011|9|12296|5|50049050|06217020|83|1
05/08/2011|15|12297|5|14028020|50035060|685|1
17/08/2011|16|12298|4|06119040|06134060|862|1
31/08/2011|1|12299|5|06126030|50056050|754|1
25/08/2011|2|12300|2|06134050|14021280|56|1
31/08/2011|9|12301|3|06134050|06210050|346|1
24/08/2011|14|12302|1|14021240|50035060|222|1
23/08/2011|18|12303|3|50049110|06134060|670|1
10/08/2011|20|12304|6|06134060|14021260|398|1
12/08/2011|2|12305|5|06134010|50056050|678|1
04/08/2011|8|12306|3|06217020|06119020|412|1
18/08/2011|13|12307|6|14021250|06134050|1098|1
10/08/2011|3|12308|3|14182290|14021260|846|1
20/08/2011|12|12309|6|14021260|50042020|747|1
22/08/2011|18|12310|2|50042020|26014010|850|1
09/08/2011|3|12311|6|06112080|14028050|777|1
27/08/2011|8|12312|2|06134060|14021240|898|1
30/08/2011|4|12313|5|06224020|06119070|1127|1
21/08/2011|17|12314|6|06134020|14021240|571|1
26/08/2011|11|12315|2|06134030|26007030|446|1
19/08/2011|7|12316|5|06119020|06217010|665|1
28/08/2011|7|12317|5|14028030|14021260|250|1
03/08/2011|10|12318|1|50042030|06134060|805|1
11/08/2011|1|12319|3|14182270|50049110|372|1
25/08/2011|19|12320|4|50049090|14021320|767|1
26/08/2011|1|12321|5|14028040|14021230|655|1
06/08/2011|4|12322|6|50049010|14021290|813|1
11/08/2011|13|12323|1|06134010|06126030|364|1
10/08/2011|11|12324|1|14182270|14028020|874|1
08/09/2011|7|12325|3|06119050|14182270|786|1
11/09/2011|17|12326|5|14021270|50042020|872|1
13/09/2011|4|12327|6|50042030|06112090|927|1
29/09/2011|16|12328|6|06224010|14021310|107|1
05/09/2011|11|12329|5|26007030|06134060|800|1
02/09/2011|7|12330|1|50056050|50042020|900|1
09/09/2011|11|12331|6|50049010|14021300|1074|1
26/09/2011|12|12332|5|26007020|14182290|117|1
25/09/2011|6|12333|2|06126040|14182280|573|1
05/09/2011|6|12334|5|06119090|50049010|654|1
12/09/2011|14|12335|2|14021310|06134050|852|1
15/09/2011|3|12336|1|06134030|14021240|1110|1
10/09/2011|20|12337|1|50049010|06134060|825|1
20/09/2011|6|12338|1|26014010|14021280|705|1
01/09/2011|8|12339|1|50042020|14021270|907|1
07/09/2011|5|12340|6|14021310|06126030|346|1
06/09/2011|18|12341|2|06217010|06112080|897|1
12/09/2011|13|12342|4|06119010|26007020|76|1
09/09/2011|3|12343|6|14021270|06134060|153|1
04/09/2011|16|12344|4|06134060|06119060|226|1
17/09/2011|7|12345|3|14021260|50049050|1116|1
24/09/2011|11|12346|3|06224020|14182290|123|1
08/09/2011|9|12347|3|50049110|14021320|314|1
07/09/2011|9|12348|5|06134050|06112080|415|1
19/09/2011|13|12349|6|06134050|26007040|578|1
30/09/2011|12|12350|6|06119060|14021320|510|1
28/09/2011|9|12351|6|14182280|06217010|544|1
09/09/2011|7|12352|5|06126020|14028050|775|1
01/09/2011|2|12353|1|06126040|06134010|564|1
08/09/2011|10|12354|3|50056050|06112080|520|1
08/09/2011|19|12355|3|06224010|50049050|962|1
03/09/2011|16|12356|1|50056050|14021260|929|1
22/09/2011|6|12357|3|14021240|14028030|953|1
11/09/2011|16|12358|1|06134050|50042020|701|1
16/09/2011|5|12359|3|14021250|06119010|566|1
04/09/2011|5|12360|1|50049050|50035050|135|1
06/09/2011|1|12361|2|06119060|06119080|683|1
07/09/2011|9|12362|5|06210050|06134060|331|1
30/09/2011|8|12363|3|06217030|14021270|238|1
09/09/2011|16|12364|4|50056060|06126040|48|1
03/09/2011|4|12365|1|06119070|50042030|1097|1
26/09/2011|11|12366|2|06126010|06126040|1076|1
13/10/2011|19|12367|5|14021290|06126030|46|1
12/10/2011|4|12368|3|06134050|06126040|790|1
14/10/2011|19|12369|1|06134010|06217030|382|1
31/10/2011|12|12370|2|06119040|14028030|517|1
16/10/2011|9|12371|2|06224020|06119090|154|1
21/10/2011|20|12372|1|06119040|06119020|791|1
20/10/2011|12|12373|1|06224020|50049090|983|1
09/10/2011|7|12374|4|50049090|06119080|364|1
15/10/2011|9|12375|2|06126040|06134040|146|1
12/10/2011|4|12376|4|06119010|06134020|1129|1
02/10/2011|11|12377|2|50049110|06134010|208|1
24/10/2011|5|12378|1|14182270|50056060|936|1
11/10/2011|4|12379|1|26007040|14182270|554|1
16/10/2011|12|12380|5|26007030|06134030|819|1
13/10/2011|3|12381|4|06134060|06119070|772|1
18/10/2011|10|12382|5|06119080|14021320|732|1
27/10/2011|11|12383|6|14028030|06134030|159|1
30/10/2011|17|12384|2|06217010|50035060|288|1
24/10/2011|14|12385|5|50056050|50035050|216|1
30/10/2011|6|12386|4|06210050|26007030|586|1
16/10/2011|14|12387|2|06134050|14021260|1000|1
26/10/2011|9|12388|5|06134010|06134060|512|1
25/10/2011|1|12389|6|06112090|06224020|386|1
23/10/2011|5|12390|1|06134010|26007040|125|1
08/10/2011|2|12391|5|06134020|14021280|327|1
15/10/2011|3|12392|5|14028020|06119020|87|1
26/10/2011|19|12393|2|14021270|06224020|554|1
21/10/2011|4|12394|3|06119060|06119080|962|1
21/10/2011|16|12395|3|14028020|06126010|296|1
28/10/2011|19|12396|3|50049090|14182280|143|1
11/10/2011|3|12397|2|14028040|06210050|580|1
06/10/2011|20|12398|1|06134060|26014010|125|1
02/10/2011|12|12399|3|14021280|06119050|187|1
04/10/2011|12|12400|3|06134050|06126020|592|1
09/10/2011|12|12401|5|50049090|14021230|905|1
15/11/2011|8|12402|1|06126010|06112090|955|1
10/11/2011|17|12403|5|06134020|06119050|1099|1
05/11/2011|5|12404|5|06119040|06134060|1073|1
30/11/2011|15|12405|3|26007040|14021300|917|1
22/11/2011|10|12406|5|14028050|06217010|634|1
19/11/2011|8|12407|3|06134030|14021270|790|1
16/11/2011|15|12408|2|06210050|50049110|403|1
23/11/2011|3|12409|4|50035050|06134030|1057|1
07/11/2011|18|12410|5|14028020|06126020|1062|1
16/11/2011|7|12411|6|14182290|50035060|964|1
27/11/2011|3|12412|3|14021280|06134060|686|1
01/11/2011|3|12413|2|14182270|14028020|102|1
06/11/2011|7|12414|2|06126040|50049090|235|1
10/11/2011|3|12415|4|06217020|06217030|1111|1
12/11/2011|3|12416|5|14182270|50042030|539|1
10/11/2011|12|12417|4|06119090|06224020|214|1
27/11/2011|20|12418|2|06119010|50035050|942|1
14/11/2011|14|12419|2|14182280|50049050|102|1
07/11/2011|12|12420|5|14021300|06119090|421|1
15/11/2011|17|12421|3|14021280|06119050|1120|1
23/11/2011|6|12422|1|06112090|14182290|294|1
28/11/2011|10|12423|6|50042030|14028030|988|1
12/11/2011|16|12424|6|26007040|50035050|526|1
04/11/2011|10|12425|5|06119040|06112090|811|1
03/11/2011|16|12426|5|06126010|06119050|862|1
28/11/2011|5|12427|1|06217020|06134060|301|1
22/11/2011|19|12428|3|06134040|06119060|987|1
06/11/2011|15|12429|4|26007020|14182290|867|1
17/11/2011|12|12430|3|26014010|26007030|1046|1
06/11/2011|11|12431|6|14021290|06119020|599|1
24/11/2011|16|12432|6|14021320|06134020|1117|1
30/11/2011|6|12433|2|06126040|14182290|910|1
09/11/2011|2|12434|3|14021310|06224020|982|1
27/11/2011|11|12435|6|06224020|06134030|41|1
07/11/2011|8|12436|1|14021250|06224010|982|1
29/11/2011|9|12437|3|50049050|14021320|911|1
24/12/2011|2|12438|5|26007020|06217030|40|1
11/12/2011|9|12439|5|06119070|06119020|1035|1
30/12/2011|8|12440|5|06217020|06134030|892|1
24/12/2011|1|12441|2|06210050|06134010|275|1
03/12/2011|16|12442|4|14028050|50035050|704|1
16/12/2011|9|12443|1|14021280|50049090|529|1
26/12/2011|5|12444|1|14021290|14021250|700|1
18/12/2011|1|12445|4|14028030|06134060|702|1
20/12/2011|6|12446|4|06126010|14021300|645|1
27/12/2011|17|12447|5|50056050|50056060|718|1
19/12/2011|11|12448|4|06119060|14021250|517|1
30/12/2011|17|12449|3|06224020|14021230|253|1
06/12/2011|9|12450|3|14028040|06112080|1006|1
09/12/2011|19|12451|6|14021290|06126020|281|1
14/12/2011|4|12452|6|06119040|06217020|486|1
14/12/2011|15|12453|3|14021270|50056060|935|1
06/12/2011|10|12454|1|06112090|14021280|945|1
23/12/2011|1|12455|2|06126030|50035050|733|1
13/12/2011|12|12456|5|26014010|14021300|677|1
07/12/2011|12|12457|6|06134040|14021310|585|1
29/12/2011|19|12458|6|06134020|06119020|539|1
07/12/2011|4|12459|1|06119060|06126010|1110|1
28/12/2011|1|12460|1|06224010|06217020|485|1
01/12/2011|19|12461|4|14021300|26007020|1097|1
13/12/2011|12|12462|2|14182290|14028040|1065|1
07/12/2011|10|12463|2|26014010|14028020|1038|1
10/12/2011|1|12464|3|06134060|06134020|910|1
27/12/2011|18|12465|4|14182280|14021290|842|1
24/12/2011|16|12466|5|06126040|06224010|482|1
23/12/2011|5|12467|5|06134020|14021290|98|1
28/12/2011|18|12468|1|06119010|14028020|927|1
25/12/2011|20|12469|5|14028030|14021290|966|1
09/12/2011|15|12470|3|06119080|06210050|590|1
02/12/2011|5|12471|4|50056060|26007020|70|1
14/12/2011|3|12472|2|50035050|06217030|43|1
06/12/2011|12|12473|3|06119040|50049010|284|1
04/12/2011|17|12474|6|06119020|06134060|582|1
03/12/2011|9|12475|4|06134060|14021240|168|1
13/12/2011|12|12476|3|50049090|06119050|440|1
19/12/2011|1|12477|2|50056050|06126020|758|1
17/01/2012|4|12478|1|14021230|06119070|359|1
11/01/2012|2|12479|4|06126030|14021290|1054|1
28/01/2012|11|12480|6|14021230|06224010|344|1
03/01/2012|20|12481|3|06119080|06134050|129|1
22/01/2012|19|12482|4|06119070|06224010|430|1
25/01/2012|14|12483|4|50049050|14021320|254|1
01/01/2012|17|12484|3|50056050|14182290|623|1
02/01/2012|12|12485|5|50049010|06210050|849|1
26/01/2012|13|12486|2|06126030|06134040|114|1
10/01/2012|2|12487|5|50056050|14021230|942|1
22/01/2012|15|12488|6|06134060|06126010|845|1
08/01/2012|5|12489|3|06119060|06119050|312|1
12/01/2012|12|12490|2|14021320|50049010|479|1
15/01/2012|3|12491|6|06134060|14021300|881|1
27/01/2012|1|12492|5|14182270|50049010|670|1
17/01/2012|5|12493|4|26007020|06119060|472|1
03/01/2012|14|12494|2|06112090|14182270|627|1
29/01/2012|16|12495|5|14021230|06217030|47|1
19/01/2012|16|12496|4|14021240|06119090|237|1
27/01/2012|18|12497|1|06134040|06119020|946|1
16/01/2012|8|12498|1|06134030|14021320|731|1
26/01/2012|17|12499|1|06217030|06126040|211|1
16/01/2012|1|12500|3|14182270|14021230|263|1
04/01/2012|12|12501|5|50056050|14021260|330|1
23/01/2012|20|12502|5|06134020|14028030|995|1
25/01/2012|12|12503|2|06217020|06126030|766|1
07/01/2012|17|12504|6|14021280|50049010|848|1
20/01/2012|19|12505|1|50056050|06126040|813|1
18/01/2012|10|12506|3|14021230|06119010|810|1
13/01/2012|19|12507|3|14021240|06119010|943|1
16/01/2012|1|12508|6|06119060|50035060|388|1
16/01/2012|16|12509|2|06119080|14182290|279|1
28/01/2012|17|12510|5|50056050|50049050|535|1
30/01/2012|12|12511|3|06126010|06126030|256|1
07/01/2012|2|12512|5|26007020|06126010|375|1
21/01/2012|14|12513|3|06119040|26007040|1035|1
13/01/2012|9|12514|6|06112090|06217010|643|1
16/01/2012|5|12515|1|50035050|14021240|716|1
27/01/2012|17|12516|5|50042030|14182280|575|1
14/01/2012|6|12517|4|50035050|14021280|694|1
18/02/2012|4|12518|6|14021320|06217030|985|1
04/02/2012|10|12519|5|06119010|26007030|636|1
12/02/2012|13|12520|2|14021280|06119060|444|1
10/02/2012|3|12521|6|06134060|06134040|850|1
08/02/2012|9|12522|6|50049110|06134050|573|1
02/02/2012|20|12523|4|50056050|06112090|448|1
18/02/2012|15|12524|4|14021300|50056060|1069|1
13/02/2012|1|12525|2|06119010|14028040|754|1
19/02/2012|20|12526|3|06224010|14182290|222|1
15/02/2012|11|12527|3|06134040|06217010|358|1
15/02/2012|10|12528|4|14021230|06134060|603|1
04/02/2012|4|12529|6|14021310|14021270|429|1
06/02/2012|7|12530|3|06134040|14021270|966|1
05/02/2012|17|12531|2|26007030|14021250|1050|1
22/02/2012|12|12532|1|06217010|14021290|67|1
23/02/2012|6|12533|2|06119040|50035050|227|1
19/02/2012|12|12534|5|06134060|50049050|105|1
10/02/2012|7|12535|1|14182280|14021230|79|1
02/02/2012|10|12536|5|06126020|06134050|278|1
06/02/2012|15|12537|6|06134060|50035060|1056|1
01/02/2012|14|12538|3|14021240|14028040|82|1
06/02/2012|18|12539|5|50056060|50035060|792|1
01/02/2012|3|12540|6|14021240|06119040|620|1
14/02/2012|9|12541|2|06134030|06119050|445|1
02/02/2012|2|12542|3|14028020|06119070|459|1
05/02/2012|19|12543|5|06119050|06134010|1027|1
27/02/2012|14|12544|2|50042030|06134060|712|1
23/02/2012|9|12545|4|50056060|14182270|284|1
09/02/2012|6|12546|1|06210050|06224020|468|1
09/02/2012|11|12547|1|14021260|14028020|109|1
18/02/2012|16|12548|2|14021240|06217020|556|1
27/02/2012|4|12549|2|50056060|14021250|968|1
27/02/2012|16|12550|1|50049090|06134030|429|1
21/02/2012|1|12551|6|06126030|14021310|599|1
05/02/2012|7|12552|2|14182270|06217010|1117|1
23/03/2012|16|12553|1|50056050|14021260|688|1
13/03/2012|13|12554|6|06217010|06224010|93|1
07/03/2012|19|12555|6|14028030|06119010|437|1
04/03/2012|2|12556|1|06126040|06224020|388|1
02/03/2012|9|12557|5|14021290|06217010|794|1
27/03/2012|13|12558|1|50035050|06134020|1030|1
31/03/2012|12|12559|2|14021260|06134050|622|1
29/03/2012|1|12560|3|06119050|06134040|443|1
03/03/2012|5|12561|5|14028050|50049110|879|1
21/03/2012|5|12562|6|06217030|06134060|337|1
17/03/2012|13|12563|3|06126040|14021280|401|1
05/03/2012|12|12564|5|06134030|06112080|321|1
25/03/2012|20|12565|3|26007020|06134050|920|1
01/03/2012|10|12566|3|06210050|06126030|762|1
01/03/2012|12|12567|4|06134040|06119060|223|1
15/03/2012|12|12568|5|06217020|06134020|785|1
02/03/2012|4|12569|6|14021240|50049010|247|1
17/03/2012|7|12570|4|14182290|06126040|875|1
20/03/2012|20|12571|4|26007040|50049010|225|1
05/03/2012|16|12572|1|14021300|06112090|282|1
24/03/2012|8|12573|5|06134060|50049050|577|1
28/03/2012|9|12574|3|26007030|06119080|885|1
22/03/2012|1|12575|6|06134060|06126040|858|1
03/03/2012|14|12576|3|06119090|06119020|1106|1
26/03/2012|1|12577|4|06134030|06217010|946|1
24/03/2012|17|12578|6|14021270|14021280|352|1
31/03/2012|17|12579|5|06217020|06119040|909|1
15/03/2012|8|12580|5|06119060|06119020|852|1
23/03/2012|5|12581|1|06217020|26007020|1014|1
22/03/2012|20|12582|5|14021230|26014010|984|1
31/03/2012|8|12583|5|14021300|06119020|610|1
04/03/2012|2|12584|6|50049090|06224020|1056|1
22/03/2012|16|12585|4|50056050|06210050|672|1
08/03/2012|9|12586|2|06217010|14021290|223|1
16/03/2012|20|12587|2|06119070|06119080|1026|1
06/03/2012|2|12588|4|14021230|14182290|1126|1
16/03/2012|4|12589|4|06217020|06119070|327|1
06/03/2012|3|12590|4|06126020|50056050|915|1
14/04/2012|9|12591|5|14182290|14182280|1055|1
12/04/2012|18|12592|4|14021270|14021260|1082|1
20/04/2012|8|12593|5|06134010|14021280|964|1
17/04/2012|4|12594|4|14021280|26007040|304|1
22/04/2012|17|12595|3|14028040|06217030|801|1
03/04/2012|16|12596|2|06126010|50049090|944|1
27/04/2012|3|12597|3|06134050|14182290|699|1
07/04/2012|19|12598|1|14021310|50049050|654|1
15/04/2012|10|12599|6|14021300|06217030|960|1
09/04/2012|11|12600|4|06112080|14182270|851|1
02/04/2012|20|12601|1|06119070|06119050|496|1
30/04/2012|19|12602|3|06134050|06126030|462|1
01/04/2012|4|12603|4|06119020|14028040|1054|1
18/04/2012|11|12604|6|06134020|14028020|297|1
23/04/2012|12|12605|6|06119040|14021230|678|1
23/04/2012|16|12606|1|06217020|26007020|721|1
25/04/2012|11|12607|4|06217010|14028040|1133|1
05/04/2012|17|12608|6|14021290|50056050|1085|1
12/04/2012|19|12609|4|06126030|06134060|651|1
04/04/2012|17|12610|3|14021250|14028040|75|1
01/04/2012|6|12611|6|50042020|14021240|1118|1
26/04/2012|12|12612|4|06119050|50056050|1069|1
05/04/2012|17|12613|6|50049110|50042020|1065|1
13/04/2012|17|12614|6|06119020|06119070|727|1
01/04/2012|9|12615|6|50042020|14182270|282|1
07/04/2012|19|12616|5|06134040|14028020|130|1
02/04/2012|20|12617|6|06134020|50056050|614|1
13/04/2012|17|12618|2|50056050|14028040|183|1
10/04/2012|18|12619|6|06134050|14028040|167|1
27/04/2012|16|12620|4|06134060|14021260|792|1
24/04/2012|18|12621|4|14028040|14021290|671|1
22/04/2012|1|12622|6|14182270|14028050|739|1
11/04/2012|19|12623|6|06119010|50035050|1038|1
30/04/2012|20|12624|1|06119050|14182270|170|1
03/04/2012|3|12625|2|50035050|06119010|160|1
22/04/2012|17|12626|4|06126030|50035060|399|1
31/05/2012|11|12627|4|06119070|26014010|756|1
05/05/2012|14|12628|4|50056050|06126010|97|1
16/05/2012|12|12629|3|14021290|50049090|279|1
02/05/2012|6|12630|3|26014010|50042030|261|1
17/05/2012|11|12631|6|14021240|06134060|846|1
06/05/2012|18|12632|3|50035060|14021240|531|1
20/05/2012|16|12633|4|50042030|06119020|736|1
09/05/2012|14|12634|6|50049110|26007020|348|1
27/05/2012|1|12635|3|14028050|06119050|583|1
16/05/2012|20|12636|3|06119050|06126030|585|1
07/05/2012|17|12637|1|06112080|14021320|1027|1
07/05/2012|17|12638|1|06134050|06119010|416|1
13/05/2012|1|12639|2|06112080|06126010|822|1
17/05/2012|5|12640|4|06119070|26007020|419|1
30/05/2012|12|12641|2|06112080|06134040|1036|1
09/05/2012|4|12642|3|14028020|14182270|186|1
26/05/2012|20|12643|5|06119090|06217010|571|1
14/05/2012|19|12644|3|14021290|50049090|179|1
03/05/2012|1|12645|2|06119080|14021230|729|1
09/05/2012|1|12646|2|06224010|06224020|494|1
11/05/2012|12|12647|3|14021230|06112080|750|1
23/05/2012|9|12648|1|06112080|26014010|776|1
16/05/2012|13|12649|6|50042020|50056060|959|1
08/05/2012|5|12650|6|06217010|14028030|553|1
07/05/2012|14|12651|6|50056060|06134020|938|1
07/05/2012|6|12652|3|26014010|06126040|930|1
19/05/2012|7|12653|5|06126010|06134040|559|1
12/05/2012|8|12654|6|14021320|06224010|301|1
12/05/2012|2|12655|5|14182280|06217020|107|1
31/05/2012|5|12656|6|06119080|50035060|426|1
18/05/2012|17|12657|2|50042030|06224020|715|1
01/05/2012|11|12658|5|06134060|26014010|143|1
04/05/2012|18|12659|5|06134020|06217010|245|1
19/05/2012|3|12660|2|50049110|50056060|739|1
18/05/2012|20|12661|2|06119090|14021240|138|1
28/05/2012|15|12662|6|06224020|50049090|272|1
30/05/2012|10|12663|5|06119070|06134020|767|1
04/05/2012|17|12664|4|06134040|26014010|853|1
07/05/2012|13|12665|5|06126010|14028040|814|1
05/06/2012|6|12666|4|14028030|06119040|570|1
05/06/2012|12|12667|1|06112090|06112080|850|1
14/06/2012|13|12668|2|14021260|06119080|79|1
23/06/2012|17|12669|1|06134010|06224010|417|1
18/06/2012|12|12670|5|50042030|14021230|733|1
11/06/2012|9|12671|5|06134010|06126020|179|1
17/06/2012|5|12672|6|14182280|06126010|197|1
24/06/2012|12|12673|2|14182290|26007030|811|1
02/06/2012|8|12674|4|06217030|06126020|868|1
10/06/2012|18|12675|4|06134040|06119040|134|1
15/06/2012|17|12676|3|50049010|06134010|87|1
04/06/2012|11|12677|3|06119050|14021300|235|1
15/06/2012|8|12678|2|14021300|14021230|62|1
02/06/2012|14|12679|3|06119060|06126030|370|1
03/06/2012|10|12680|3|06119040|14028050|596|1
15/06/2012|9|12681|2|06126010|06224020|655|1
15/06/2012|2|12682|4|06134060|06126030|1002|1
24/06/2012|6|12683|5|14028030|26007030|265|1
30/06/2012|20|12684|2|06217020|06126030|706|1
24/06/2012|20|12685|5|06119090|26014010|855|1
12/06/2012|4|12686|3|06119050|14021310|722|1
11/06/2012|3|12687|2|06119040|06119080|1120|1
25/06/2012|7|12688|5|06126020|14021240|995|1
22/06/2012|7|12689|3|06134060|06134050|904|1
07/06/2012|3|12690|2|06119060|50049010|191|1
27/06/2012|3|12691|1|06126040|50049010|790|1
19/06/2012|10|12692|2|14182280|06119050|645|1
29/06/2012|7|12693|6|14021310|06134030|157|1
02/06/2012|16|12694|4|14021290|06126030|833|1
16/06/2012|3|12695|3|06126030|26014010|558|1
10/06/2012|15|12696|6|14021300|06134040|84|1
25/06/2012|8|12697|1|14182280|06134040|893|1
02/06/2012|4|12698|2|06126030|14021310|94|1
10/06/2012|14|12699|4|06119090|06119020|1138|1
13/06/2012|19|12700|3|14021290|06134020|468|1
26/06/2012|19|12701|6|50049110|06119040|417|1
15/06/2012|14|12702|2|06119090|06224020|55|1
26/06/2012|18|12703|6|06217020|06119010|790|1
01/06/2012|9|12704|6|06119060|26007030|797|1
16/07/2012|14|12705|1|14021320|14021230|1109|1
11/07/2012|4|12706|3|14021250|06126030|144|1
31/07/2012|14|12707|1|14028030|06217020|786|1
27/07/2012|6|12708|6|06119040|06126020|116|1
16/07/2012|12|12709|5|06134020|14021230|172|1
29/07/2012|14|12710|4|50049090|14182290|415|1
29/07/2012|6|12711|6|50056050|06119050|1045|1
23/07/2012|20|12712|2|06134010|14021280|233|1
22/07/2012|17|12713|2|06112090|06134010|1138|1
21/07/2012|16|12714|6|06112080|06126030|265|1
04/07/2012|16|12715|4|50049050|26007030|1121|1
06/07/2012|15|12716|3|06224010|14021250|235|1
21/07/2012|11|12717|4|26007020|06126010|713|1
04/07/2012|7|12718|5|50035060|06119010|332|1
09/07/2012|17|12719|1|14021300|14021240|409|1
31/07/2012|1|12720|5|50056060|14028030|189|1
23/07/2012|5|12721|4|06126010|26007020|522|1
14/07/2012|16|12722|3|06119090|14021230|597|1
01/07/2012|18|12723|6|14021260|14021280|814|1
04/07/2012|3|12724|3|50049010|06119070|490|1
13/07/2012|10|12725|5|06224010|50035050|128|1
19/07/2012|16|12726|2|14028030|06134060|1003|1
06/07/2012|8|12727|2|14021290|50049090|389|1
09/07/2012|2|12728|1|06126010|50035050|335|1
20/07/2012|4|12729|2|06134040|50035060|86|1
02/07/2012|11|12730|6|06119060|50042030|901|1
26/07/2012|11|12731|2|14021260|06119080|824|1
24/07/2012|11|12732|4|06119050|14021300|582|1
19/07/2012|3|12733|4|06134060|06134010|948|1
21/07/2012|17|12734|6|50049090|06126030|710|1
04/07/2012|3|12735|6|14028030|06119080|1016|1
29/07/2012|17|12736|1|06134020|14021310|684|1
28/07/2012|4|12737|6|06217030|50035060|789|1
17/07/2012|3|12738|6|50042030|06134060|471|1
27/07/2012|3|12739|3|26007020|14182270|845|1
21/07/2012|6|12740|3|14021250|14021270|92|1
09/07/2012|19|12741|2|14021280|14021310|599|1
19/07/2012|2|12742|1|06134010|50042030|749|1
30/07/2012|9|12743|3|06119010|26007040|910|1
01/07/2012|14|12744|2|26014010|06134050|141|1
09/08/2012|16|12745|6|26014010|14021270|83|1
01/08/2012|8|12746|2|50049050|06119060|315|1
15/08/2012|8|12747|3|06134050|06119060|585|1
12/08/2012|17|12748|6|06224010|26007020|905|1
07/08/2012|13|12749|6|14028050|06119090|963|1
16/08/2012|13|12750|6|50035050|06134010|690|1
31/08/2012|14|12751|3|14021280|06224010|136|1
09/08/2012|11|12752|6|50042020|06119070|65|1
06/08/2012|4|12753|4|06134020|14182280|69|1
17/08/2012|14|12754|5|50042030|06126020|986|1
28/08/2012|4|12755|2|06134050|26007040|604|1
19/08/2012|4|12756|4|06217010|06112090|859|1
26/08/2012|7|12757|4|06217010|14021290|884|1
17/08/2012|4|12758|4|14021310|50042030|842|1
03/08/2012|15|12759|5|50042030|50056060|998|1
21/08/2012|6|12760|2|06126040|14182280|1087|1
06/08/2012|18|12761|3|06134040|06217020|824|1
23/08/2012|16|12762|6|14028040|50049090|133|1
12/08/2012|7|12763|6|14182270|06134010|583|1
03/08/2012|20|12764|6|06112090|26007020|332|1
30/08/2012|20|12765|3|06134050|06119070|880|1
19/08/2012|6|12766|6|14021300|06119010|848|1
01/08/2012|11|12767|4|26007040|26014010|551|1
12/08/2012|7|12768|3|14021240|50049050|1025|1
07/08/2012|11|12769|3|06134020|50049010|1076|1
16/08/2012|18|12770|4|50049010|06210050|66|1
21/08/2012|19|12771|6|50049090|06119080|474|1
20/08/2012|9|12772|5|14021260|06126010|397|1
11/08/2012|20|12773|6|50049090|06224010|848|1
12/08/2012|2|12774|2|06112090|06119050|683|1
09/08/2012|1|12775|5|14021280|06217020|395|1
24/08/2012|10|12776|3|26007020|50042020|166|1
17/08/2012|15|12777|1|06134060|14021260|650|1
19/08/2012|2|12778|1|14182280|06112090|269|1
18/08/2012|19|12779|6|06134020|50056050|863|1
14/08/2012|20|12780|6|50049010|50035050|968|1
05/08/2012|15|12781|2|14021230|14028030|407|1
02/08/2012|2|12782|1|06119070|06224010|960|1
23/08/2012|10|12783|5|26014010|06126020|895|1
18/08/2012|7|12784|5|14021260|26007030|220|1
12/08/2012|14|12785|3|14028030|26007030|301|1
12/09/2012|11|12786|5|50049090|26007030|499|1
02/09/2012|1|12787|3|06119070|14021250|695|1
29/09/2012|14|12788|6|26007020|06126010|978|1
27/09/2012|16|12789|4|06119070|50049050|140|1
13/09/2012|10|12790|4|14021230|06126040|885|1
04/09/2012|19|12791|6|14021250|14028050|278|1
10/09/2012|19|12792|5|26007030|06126010|657|1
02/09/2012|13|12793|3|06134020|06119070|226|1
03/09/2012|3|12794|6|14021260|06134050|466|1
12/09/2012|18|12795|3|26014010|06126030|889|1
12/09/2012|5|12796|1|06217020|14028040|750|1
03/09/2012|13|12797|2|06119090|06134060|468|1
22/09/2012|9|12798|6|06210050|14021320|967|1
09/09/2012|6|12799|3|06217030|06126020|407|1
18/09/2012|5|12800|5|14182290|06217010|806|1
05/09/2012|8|12801|1|14021240|50056060|990|1
28/09/2012|9|12802|4|14021230|06134050|920|1
17/09/2012|9|12803|5|50049090|06134040|437|1
26/09/2012|6|12804|2|06134060|26007030|819|1
26/09/2012|7|12805|6|50049110|06217020|903|1
24/09/2012|6|12806|4|06112080|06224020|902|1
01/09/2012|16|12807|4|14021300|06134040|1131|1
22/09/2012|2|12808|5|06134020|50042030|750|1
14/09/2012|20|12809|4|26014010|06224020|69|1
26/09/2012|10|12810|4|14021280|06119080|662|1
12/09/2012|4|12811|5|50042030|06224020|1095|1
14/09/2012|1|12812|4|06134050|14021280|758|1
13/09/2012|15|12813|3|14021250|14021310|460|1
20/09/2012|1|12814|2|26014010|06119060|235|1
06/09/2012|3|12815|6|06126010|14021240|194|1
20/09/2012|20|12816|2|06217020|14021300|997|1
21/09/2012|3|12817|1|06134060|26007020|495|1
29/09/2012|1|12818|5|14021300|06119060|638|1
27/09/2012|8|12819|1|14021270|06119050|830|1
17/09/2012|17|12820|2|50056060|06119090|1013|1
20/09/2012|1|12821|4|06224010|14021280|1071|1
10/10/2012|14|12822|5|14028050|06224020|242|1
11/10/2012|15|12823|6|06126020|06126030|820|1
20/10/2012|14|12824|5|06126040|14021270|714|1
06/10/2012|14|12825|1|06224010|06126030|312|1
30/10/2012|5|12826|6|50049010|14182290|224|1
02/10/2012|2|12827|5|14182280|06119080|864|1
11/10/2012|19|12828|6|06126040|06210050|1075|1
22/10/2012|18|12829|2|06134020|14182290|90|1
06/10/2012|17|12830|5|06134060|14021260|1074|1
28/10/2012|19|12831|2|06119070|14021280|314|1
10/10/2012|18|12832|2|14028040|06134020|1075|1
23/10/2012|20|12833|6|14021310|06134060|783|1
13/10/2012|19|12834|4|50056050|06134020|197|1
18/10/2012|15|12835|3|06134060|06134020|823|1
03/10/2012|7|12836|1|06126030|06119020|116|1
06/10/2012|9|12837|3|14021310|06119080|442|1
05/10/2012|11|12838|2|14021310|14028020|791|1
09/10/2012|14|12839|6|14028020|50042030|809|1
07/10/2012|18|12840|5|06134060|14021290|263|1
28/10/2012|13|12841|6|14021230|14021290|1011|1
13/10/2012|15|12842|3|50042020|06224010|664|1
29/10/2012|20|12843|5|26014010|50049090|120|1
17/10/2012|2|12844|1|26007040|14021310|80|1
07/10/2012|16|12845|4|14028030|06119050|964|1
25/10/2012|8|12846|4|50049010|14021250|1003|1
11/10/2012|17|12847|1|06126020|06112080|445|1
29/10/2012|15|12848|6|14021250|50049090|717|1
23/10/2012|7|12849|1|14021290|26007040|185|1
06/10/2012|4|12850|6|14028020|50049090|966|1
03/10/2012|1|12851|6|06126020|06112080|359|1
28/10/2012|10|12852|3|06126040|14021290|1122|1
02/10/2012|20|12853|4|06112090|06134040|581|1
01/10/2012|13|12854|6|26007030|06134010|123|1
20/10/2012|2|12855|4|14021290|14021280|407|1
21/10/2012|7|12856|5|26007020|50056050|1098|1
19/10/2012|15|12857|6|06126020|14028050|232|1
13/10/2012|4|12858|2|06126040|50035050|1029|1
16/10/2012|1|12859|3|06126010|14021270|622|1
02/10/2012|5|12860|1|26007020|14021300|96|1
29/11/2012|6|12861|5|14028020|06134050|539|1
17/11/2012|8|12862|5|06210050|06126030|886|1
28/11/2012|9|12863|2|14182290|14028020|829|1
07/11/2012|7|12864|3|06134060|06210050|733|1
17/11/2012|16|12865|1|14021290|26007030|824|1
01/11/2012|16|12866|1|14021250|26007040|434|1
24/11/2012|9|12867|4|14028020|26007020|342|1
05/11/2012|20|12868|2|06134060|06119040|777|1
17/11/2012|8|12869|3|06112090|06119090|951|1
01/11/2012|15|12870|3|14021280|26014010|981|1
11/11/2012|11|12871|4|06134040|14028020|990|1
26/11/2012|9|12872|4|14028020|50042030|1006|1
10/11/2012|7|12873|2|06119070|14021320|109|1
27/11/2012|2|12874|1|06217030|14021310|46|1
16/11/2012|18|12875|4|06217010|06217020|528|1
09/11/2012|2|12876|3|06134040|26014010|643|1
12/11/2012|17|12877|3|06126030|50049110|433|1
15/11/2012|4|12878|1|14021280|50049090|942|1
30/11/2012|5|12879|5|06134060|06112090|784|1
01/11/2012|15|12880|2|06134020|06119050|1031|1
06/11/2012|12|12881|2|14021230|06217030|76|1
06/11/2012|18|12882|3|06119060|14021320|373|1
02/11/2012|9|12883|6|14021320|06224020|516|1
17/11/2012|10|12884|5|14182280|14021280|179|1
23/11/2012|7|12885|4|50035050|06126010|160|1
26/11/2012|16|12886|3|06119060|50035060|929|1
21/11/2012|15|12887|4|06126020|06224010|1067|1
30/11/2012|14|12888|1|06134030|26007020|94|1
29/11/2012|15|12889|2|50049010|14021230|324|1
02/11/2012|8|12890|2|50049110|06119020|60|1
12/11/2012|16|12891|4|50049090|50049110|598|1
23/11/2012|1|12892|3|14021240|14028050|507|1
14/11/2012|1|12893|6|06119060|06134040|455|1
10/11/2012|13|12894|5|26007020|06217020|648|1
18/11/2012|13|12895|2|06210050|06126010|1120|1
11/11/2012|18|12896|5|06134050|06112090|981|1
28/11/2012|10|12897|5|50035050|26007040|908|1
14/11/2012|9|12898|2|06119080|50049010|255|1
23/11/2012|6|12899|3|06217030|06134010|802|1
13/11/2012|8|12900|4|50049050|06119080|407|1
18/11/2012|18|12901|1|26014010|06126030|109|1
08/11/2012|6|12902|2|26007030|06134010|866|1
30/11/2012|2|12903|6|06134060|14021230|171|1
23/11/2012|7|12904|1|06217010|14182270|490|1
16/12/2012|13|12905|3|14021250|26014010|1104|1
02/12/2012|10|12906|4|06119090|14182270|504|1
06/12/2012|14|12907|1|06134060|50049090|715|1
12/12/2012|15|12908|6|26007040|14028040|791|1
30/12/2012|4|12909|1|14021290|06134060|224|1
01/12/2012|1|12910|3|06217010|50049090|132|1
12/12/2012|10|12911|6|50056060|06134050|1099|1
04/12/2012|17|12912|5|26007030|50049050|955|1
01/12/2012|10|12913|2|06119080|50056060|751|1
24/12/2012|6|12914|5|06134060|50049110|661|1
25/12/2012|12|12915|4|06134060|50049010|1113|1
17/12/2012|17|12916|1|26007030|14021240|350|1
01/12/2012|12|12917|4|06126020|26014010|516|1
13/12/2012|15|12918|3|06210050|14021270|53|1
04/12/2012|18|12919|5|06119040|06134030|731|1
15/12/2012|5|12920|1|14028040|06134060|518|1
27/12/2012|8|12921|6|06119060|06224020|1080|1
29/12/2012|7|12922|6|14028050|14028020|234|1
07/12/2012|3|12923|3|26007030|14021290|496|1
09/12/2012|7|12924|4|50049010|14021310|1139|1
21/12/2012|16|12925|4|06217020|14182280|338|1
16/12/2012|11|12926|3|26014010|50035060|699|1
25/12/2012|7|12927|1|06126040|06119090|235|1
12/12/2012|1|12928|5|14028040|14021260|300|1
02/12/2012|17|12929|4|06112090|14182270|662|1
05/12/2012|11|12930|1|14182290|50049010|1048|1
12/12/2012|12|12931|4|50049050|50035060|129|1
11/12/2012|5|12932|2|06112090|14021300|404|1
30/12/2012|6|12933|1|06224010|14182280|684|1
10/12/2012|6|12934|5|14182270|14021250|366|1
31/12/2012|1|12935|4|06224010|50035050|807|1
23/12/2012|16|12936|3|06134040|50056050|1014|1
05/12/2012|17|12937|1|06119060|14021260|408|1
22/12/2012|3|12938|1|14021290|06119060|1134|1
19/12/2012|18|12939|4|06134050|06119020|284|1
08/12/2012|9|12940|2|06217030|14182280|637|1
15/12/2012|16|12941|5|26014010|14021310|970|1
05/12/2012|18|12942|4|26007040|50042030|85|1
29/12/2012|12|12943|1|14021290|14021280|932|1
28/12/2012|16|12944|5|14028030|14021230|846|1
17/12/2012|16|12945|1|14021240|14182270|128|1
05/01/2013|4|12946|1|26014010|14021270|45|1
31/01/2013|20|12947|1|50042030|26007030|602|1
18/01/2013|3|12948|4|50049050|06217010|73|1
18/01/2013|14|12949|6|06134010|26007040|1121|1
07/01/2013|20|12950|1|50049090|06134020|687|1
29/01/2013|15|12951|4|50042020|06126030|52|1
29/01/2013|18|12952|5|26007040|06119020|1016|1
06/01/2013|15|12953|4|06119060|50049010|1112|1
22/01/2013|18|12954|6|14021320|06112090|857|1
16/01/2013|19|12955|4|06126020|06112090|278|1
28/01/2013|9|12956|5|14021300|06126030|920|1
22/01/2013|6|12957|1|06217030|06112090|1027|1
30/01/2013|12|12958|1|06119050|14182290|492|1
31/01/2013|13|12959|2|06224020|14021290|444|1
25/01/2013|7|12960|2|14182270|50035050|626|1
23/01/2013|19|12961|1|06224010|06210050|769|1
19/01/2013|15|12962|6|50056060|06126040|551|1
15/01/2013|10|12963|5|50049110|50049090|277|1
04/01/2013|1|12964|6|14021260|06119010|920|1
21/01/2013|3|12965|5|14028050|14021290|437|1
15/01/2013|19|12966|4|06119070|50049090|483|1
26/01/2013|20|12967|2|06112080|14021250|874|1
09/01/2013|6|12968|6|26007020|06119070|897|1
03/01/2013|11|12969|6|06119060|06126010|365|1
10/01/2013|17|12970|1|06126030|14021270|783|1
18/01/2013|12|12971|5|06119020|06134010|689|1
13/01/2013|12|12972|3|26007030|14021230|309|1
14/01/2013|12|12973|3|06134060|14028040|768|1
25/01/2013|11|12974|2|06112080|06119010|738|1
09/01/2013|18|12975|2|06119070|14028040|1017|1
19/01/2013|19|12976|5|06126020|50049010|405|1
22/01/2013|5|12977|3|06126010|06126020|953|1
24/01/2013|16|12978|3|06126040|06217020|159|1
21/01/2013|5|12979|4|06134020|06126030|53|1
01/01/2013|4|12980|1|14021250|14182270|1052|1
08/01/2013|5|12981|4|06119080|50042020|337|1
10/01/2013|11|12982|4|50035060|06112080|695|1
01/01/2013|4|12983|4|06126010|14021240|852|1
06/01/2013|3|12984|6|50035050|06217030|756|1
25/01/2013|13|12985|6|06119090|26007020|141|1
11/01/2013|18|12986|6|14021240|14021310|148|1
25/01/2013|20|12987|2|50056060|50056050|166|1
11/02/2013|18|12988|4|50049110|06134050|596|1
03/02/2013|8|12989|2|06224020|06119080|959|1
06/02/2013|15|12990|4|50049010|14182290|318|1
21/02/2013|3|12991|6|06217030|06224020|554|1
12/02/2013|19|12992|3|14028020|06112080|239|1
15/02/2013|20|12993|1|06126020|06134020|788|1
21/02/2013|18|12994|6|26007030|06119060|219|1
01/02/2013|6|12995|6|50049010|06224020|108|1
24/02/2013|20|12996|2|26007020|06134050|733|1
02/02/2013|10|12997|3|26014010|06134050|368|1
01/02/2013|11|12998|6|06126020|14028020|896|1
03/02/2013|11|12999|1|06217010|14028030|959|1
20/02/2013|2|13000|3|14021320|06119020|168|1
11/02/2013|15|13001|5|06119040|50056060|653|1
14/02/2013|11|13002|3|14028020|06119010|960|1
24/02/2013|13|13003|6|06119010|14021230|269|1
21/02/2013|12|13004|4|06224020|50049110|1090|1
10/02/2013|5|13005|2|26014010|14021250|875|1
10/02/2013|18|13006|6|06134010|14021310|829|1
14/02/2013|6|13007|3|06119060|14028020|542|1
10/02/2013|20|13008|1|26007030|14021250|283|1
16/02/2013|14|13009|3|14028020|06217020|877|1
07/02/2013|16|13010|5|14021250|06134020|831|1
14/02/2013|17|13011|1|06217030|50035060|1024|1
26/02/2013|3|13012|5|06224020|26007020|696|1
25/02/2013|8|13013|4|06126020|14021320|284|1
17/02/2013|20|13014|1|14021310|06134050|545|1
15/02/2013|12|13015|4|14021260|06126010|239|1
24/02/2013|9|13016|3|06210050|06217020|403|1
20/02/2013|1|13017|3|06126020|14182270|1112|1
12/02/2013|20|13018|3|14021240|14021310|484|1
24/02/2013|18|13019|5|14021230|50049050|873|1
12/02/2013|11|13020|4|14182270|26014010|404|1
15/02/2013|11|13021|3|50049010|50049110|613|1
22/02/2013|11|13022|5|06217020|14028040|610|1
11/02/2013|15|13023|4|06119080|06134060|484|1
27/02/2013|6|13024|3|50035060|06134050|458|1
09/02/2013|18|13025|3|06224010|50049010|756|1
03/02/2013|7|13026|5|06119050|06119040|91|1
28/03/2013|8|13027|6|14182290|14028030|994|1
04/03/2013|20|13028|3|14021290|06224020|628|1
06/03/2013|10|13029|2|50042020|06119050|845|1
20/03/2013|15|13030|3|14182290|50042030|217|1
02/03/2013|9|13031|6|06217020|06119020|238|1
03/03/2013|5|13032|2|06119040|50035060|931|1
01/03/2013|18|13033|6|14021280|06134010|578|1
31/03/2013|8|13034|2|14028050|06119080|566|1
29/03/2013|9|13035|6|50049110|06134060|875|1
13/03/2013|8|13036|5|14182290|14021290|59|1
17/03/2013|10|13037|3|50042030|06112080|666|1
15/03/2013|2|13038|4|14021270|06134050|555|1
25/03/2013|3|13039|6|14021310|06134030|177|1
02/03/2013|8|13040|5|14182280|06119040|292|1
30/03/2013|3|13041|2|26014010|14021240|290|1
17/03/2013|11|13042|6|06224010|50049010|758|1
27/03/2013|10|13043|3|14028030|14021290|1029|1
05/03/2013|10|13044|1|06126040|26014010|234|1
07/03/2013|16|13045|4|06224010|14021280|77|1
13/03/2013|11|13046|1|50049090|06134060|658|1
30/03/2013|15|13047|4|06119060|50056050|1012|1
02/03/2013|12|13048|2|06224020|06119080|431|1
17/03/2013|10|13049|6|06119070|06217010|874|1
09/03/2013|20|13050|1|06119040|14028020|206|1
09/03/2013|5|13051|1|06134060|06126040|872|1
01/03/2013|19|13052|5|50042020|50056060|870|1
12/03/2013|1|13053|5|26007020|14028040|1010|1
26/03/2013|8|13054|4|14021290|06119040|967|1
07/03/2013|15|13055|3|50049050|14021240|477|1
11/03/2013|15|13056|6|06134060|06126020|272|1
04/03/2013|20|13057|6|06126040|06217030|848|1
26/03/2013|2|13058|1|06119040|06112080|258|1
11/03/2013|13|13059|1|14028030|14021230|962|1
17/03/2013|17|13060|6|14021240|06134010|472|1
13/03/2013|17|13061|1|26014010|06134040|321|1
26/03/2013|6|13062|5|14028030|26007040|266|1
21/03/2013|5|13063|4|14021320|06119090|960|1
25/04/2013|6|13064|3|50049050|06134060|204|1
03/04/2013|20|13065|3|14182290|26007020|132|1
10/04/2013|8|13066|2|50056060|50042020|779|1
10/04/2013|9|13067|1|06126010|50049050|85|1
28/04/2013|13|13068|1|06217010|14021300|1044|1
16/04/2013|2|13069|1|14028020|14028030|439|1
26/04/2013|19|13070|3|06134060|50035060|1010|1
28/04/2013|8|13071|6|26007020|06119060|380|1
08/04/2013|20|13072|4|50049050|06126040|371|1
26/04/2013|6|13073|6|14021260|50049110|221|1
19/04/2013|9|13074|1|06134050|06217020|284|1
27/04/2013|7|13075|2|06134060|06112080|585|1
01/04/2013|9|13076|2|06134060|26007020|640|1
03/04/2013|10|13077|2|14021300|14021320|1015|1
24/04/2013|10|13078|3|06217010|50056050|812|1
28/04/2013|16|13079|4|50035050|26007030|701|1
06/04/2013|12|13080|3|50056060|26007020|239|1
13/04/2013|16|13081|5|06126040|14182290|226|1
26/04/2013|20|13082|6|26007040|06134040|202|1
12/04/2013|20|13083|1|06217030|06210050|409|1
19/04/2013|13|13084|3|06224010|50049050|981|1
25/04/2013|7|13085|4|06119060|50056060|440|1
13/04/2013|12|13086|1|06112080|06119040|123|1
22/04/2013|13|13087|5|06119020|50049010|205|1
03/04/2013|15|13088|5|14021320|06119090|331|1
09/04/2013|1|13089|1|06119060|06134020|172|1
07/04/2013|17|13090|4|26007020|14182280|795|1
15/04/2013|15|13091|1|14028020|14021270|462|1
26/04/2013|7|13092|6|50042020|06119080|267|1
19/04/2013|20|13093|2|14021310|06224010|152|1
03/04/2013|14|13094|5|50042020|06126040|1123|1
28/04/2013|19|13095|2|14028020|06119090|641|1
26/04/2013|11|13096|2|06134030|14021300|885|1
25/04/2013|3|13097|1|14021290|06126040|946|1
15/04/2013|20|13098|2|06210050|06134030|71|1
06/04/2013|10|13099|4|14021260|06217010|828|1
09/04/2013|18|13100|2|50056060|50049090|736|1
09/04/2013|1|13101|1|06134010|06126020|725|1
14/04/2013|4|13102|3|14028040|06134060|368|1
24/05/2013|14|13103|1|14021290|06119070|434|1
04/05/2013|17|13104|4|06119010|06119060|545|1
23/05/2013|9|13105|5|50042030|26007030|567|1
08/05/2013|1|13106|2|50049050|26007040|918|1
19/05/2013|3|13107|4|06119010|06134020|66|1
26/05/2013|15|13108|5|06119010|06217030|147|1
27/05/2013|9|13109|4|06112080|06210050|942|1
13/05/2013|13|13110|4|06119020|50056050|605|1
01/05/2013|13|13111|4|06134060|14182290|953|1
24/05/2013|18|13112|2|06134020|26014010|894|1
15/05/2013|18|13113|3|06224010|50042020|408|1
21/05/2013|15|13114|4|14021260|50049050|914|1
17/05/2013|15|13115|1|06217010|06119010|773|1
01/05/2013|8|13116|6|50042020|14021230|891|1
03/05/2013|19|13117|5|06224010|14021230|391|1
19/05/2013|14|13118|1|06126040|06134060|521|1
13/05/2013|14|13119|1|06217010|06134050|837|1
05/05/2013|13|13120|2|50056060|06134060|643|1
20/05/2013|4|13121|3|50035060|14021320|644|1
10/05/2013|19|13122|2|14028020|14021240|83|1
02/05/2013|13|13123|1|06134030|06134050|944|1
02/05/2013|20|13124|6|50049050|06126030|815|1
02/05/2013|4|13125|6|50056060|50035050|653|1
24/05/2013|20|13126|1|14021250|06119090|511|1
06/05/2013|15|13127|1|14021270|50049010|129|1
31/05/2013|17|13128|4|06119020|06112090|491|1
17/05/2013|15|13129|3|06134050|14028040|895|1
09/05/2013|12|13130|6|14021260|14028040|445|1
26/05/2013|17|13131|2|14182270|06126030|568|1
23/05/2013|12|13132|4|06126020|06217010|229|1
16/05/2013|2|13133|2|14021260|26007030|291|1
21/05/2013|3|13134|4|06119010|06134040|1026|1
12/05/2013|9|13135|2|06134050|06119080|694|1
15/05/2013|3|13136|1|06134030|50042020|854|1
23/05/2013|15|13137|2|06119060|50042030|395|1
19/05/2013|14|13138|5|06119040|14021300|914|1
01/05/2013|3|13139|5|06126040|06119090|558|1
02/05/2013|19|13140|2|50056060|14021290|185|1
28/06/2013|14|13141|5|06119040|14028030|1077|1
17/06/2013|6|13142|2|06126030|06217020|263|1
15/06/2013|16|13143|4|50042030|14028030|85|1
26/06/2013|16|13144|2|50042020|26007030|70|1
24/06/2013|3|13145|3|14021260|26007030|902|1
05/06/2013|11|13146|2|06134030|06126010|1079|1
16/06/2013|3|13147|3|14021280|06119080|373|1
18/06/2013|4|13148|3|14021280|50035060|986|1
16/06/2013|19|13149|3|14182280|50056060|911|1
09/06/2013|11|13150|1|06210050|50035060|74|1
12/06/2013|18|13151|5|14028020|50056050|537|1
10/06/2013|19|13152|5|06126030|14021280|520|1
18/06/2013|4|13153|3|06112080|50049110|182|1
28/06/2013|17|13154|1|50049010|06119050|275|1
26/06/2013|10|13155|1|06134040|06126040|638|1
21/06/2013|10|13156|1|14028050|26007040|791|1
03/06/2013|19|13157|4|50049050|14021300|490|1
06/06/2013|17|13158|6|06119010|14182280|768|1
09/06/2013|16|13159|4|06119080|26007020|457|1
27/06/2013|12|13160|6|06134040|14028050|378|1
27/06/2013|13|13161|1|06126040|14028020|402|1
06/06/2013|17|13162|1|06119040|14182280|243|1
12/06/2013|16|13163|4|50049110|14182290|1032|1
23/06/2013|9|13164|4|50035060|14021230|916|1
20/06/2013|18|13165|1|06119050|06224010|942|1
12/06/2013|13|13166|4|06134060|14021290|356|1
23/06/2013|18|13167|1|50056060|06217010|1042|1
24/06/2013|3|13168|3|06217030|06134050|629|1
15/06/2013|14|13169|2|14182280|14021320|397|1
26/06/2013|15|13170|4|26007030|14182270|436|1
18/06/2013|16|13171|5|06119050|50035050|1037|1
13/06/2013|9|13172|1|14021300|06210050|102|1
04/06/2013|13|13173|5|26007040|06126010|261|1
03/06/2013|5|13174|1|50049110|06119070|1119|1
16/06/2013|1|13175|3|06134050|06126030|93|1
09/06/2013|5|13176|1|06224020|50049090|487|1
29/06/2013|3|13177|2|06217030|50049090|335|1
12/06/2013|19|13178|3|06119020|50049050|663|1
09/07/2013|14|13179|5|14182270|06134010|532|1
06/07/2013|16|13180|3|14021270|14028020|103|1
23/07/2013|5|13181|4|06224020|06134060|653|1
17/07/2013|18|13182|2|06119080|50042020|569|1
30/07/2013|14|13183|5|26007030|06217010|1092|1
06/07/2013|7|13184|1|14021230|06119060|89|1
09/07/2013|14|13185|2|06134040|14021270|656|1
30/07/2013|12|13186|3|26007020|14021250|470|1
10/07/2013|15|13187|4|14028020|06112090|1127|1
19/07/2013|17|13188|6|50049110|26007020|1050|1
18/07/2013|3|13189|1|14021300|14028020|288|1
29/07/2013|13|13190|6|50056060|14021310|872|1
29/07/2013|5|13191|4|06112080|06134040|764|1
12/07/2013|14|13192|1|06224010|06210050|511|1
30/07/2013|1|13193|1|14021300|06112080|595|1
23/07/2013|17|13194|2|06119020|50056050|209|1
18/07/2013|15|13195|3|14182290|06134060|999|1
13/07/2013|1|13196|3|06224020|06134040|446|1
23/07/2013|4|13197|4|14021300|06112090|54|1
01/07/2013|13|13198|1|06126020|06126010|101|1
28/07/2013|7|13199|4|06134040|26014010|724|1
31/07/2013|15|13200|5|50056060|06112080|1102|1
20/07/2013|8|13201|3|06119060|14021260|606|1
21/07/2013|2|13202|2|06224010|06210050|415|1
29/07/2013|18|13203|1|50049110|14182290|634|1
06/07/2013|18|13204|6|14021300|06126020|291|1
18/07/2013|20|13205|1|06134030|14021290|106|1
08/07/2013|2|13206|6|06112090|06134050|1099|1
04/07/2013|3|13207|2|50049050|14028030|973|1
28/07/2013|1|13208|5|26007030|14182270|1071|1
26/07/2013|6|13209|3|06224020|50042030|861|1
27/07/2013|5|13210|1|14182270|06126020|303|1
12/07/2013|12|13211|2|06134060|06134020|1061|1
06/07/2013|8|13212|4|14021300|06119070|309|1
06/07/2013|6|13213|6|14182290|50035060|156|1
29/07/2013|3|13214|1|14021250|26007040|893|1
09/08/2013|12|13215|4|50035050|06112090|732|1
23/08/2013|3|13216|6|26014010|06217010|268|1
21/08/2013|18|13217|1|06126030|26007020|229|1
27/08/2013|4|13218|1|14021280|14021250|349|1
06/08/2013|11|13219|4|06134010|26007020|1029|1
23/08/2013|9|13220|1|14182270|14021250|877|1
13/08/2013|1|13221|6|06210050|14021240|759|1
12/08/2013|4|13222|3|06119050|06224010|371|1
12/08/2013|1|13223|4|14021230|14182280|434|1
03/08/2013|3|13224|1|14182290|06134010|573|1
10/08/2013|20|13225|5|06134040|50035050|96|1
31/08/2013|10|13226|1|06224010|14182270|375|1
08/08/2013|10|13227|1|50049010|14021300|1003|1
02/08/2013|13|13228|6|26007030|14021290|609|1
23/08/2013|2|13229|2|06119010|14182290|1104|1
10/08/2013|16|13230|3|26014010|06119050|111|1
13/08/2013|15|13231|3|06119090|06112090|833|1
28/08/2013|5|13232|5|06134060|06134010|369|1
09/08/2013|15|13233|6|50056050|06217020|619|1
04/08/2013|19|13234|6|06134060|06126040|659|1
18/08/2013|2|13235|4|06119040|14021290|269|1
26/08/2013|1|13236|1|06217030|14021250|674|1
16/08/2013|14|13237|5|06119050|06134060|391|1
01/08/2013|20|13238|2|06126040|06134050|1139|1
10/08/2013|1|13239|5|06134050|14182290|466|1
11/08/2013|19|13240|2|06134060|06119050|318|1
17/08/2013|4|13241|2|14021240|06134060|671|1
12/08/2013|19|13242|2|50042020|06119040|108|1
01/08/2013|9|13243|3|06134050|06134030|379|1
29/08/2013|9|13244|6|14021250|50049090|599|1
26/08/2013|2|13245|5|06119020|06119060|745|1
15/08/2013|9|13246|5|14021310|14021320|599|1
05/08/2013|4|13247|5|14028050|14021310|672|1
08/08/2013|11|13248|5|50056050|50035050|104|1
01/08/2013|18|13249|6|26007030|50042030|898|1
05/08/2013|5|13250|6|50049050|06134010|212|1
15/08/2013|14|13251|6|06119020|50035050|184|1
09/08/2013|6|13252|5|50049090|06126010|385|1
09/08/2013|11|13253|1|50056060|50042030|962|1
25/09/2013|6|13254|1|06119070|06126010|158|1
24/09/2013|1|13255|4|50049050|50035050|456|1
22/09/2013|13|13256|5|06112080|14021250|662|1
16/09/2013|18|13257|1|06119020|50049110|168|1
10/09/2013|17|13258|6|06224010|50056050|810|1
04/09/2013|8|13259|6|06134050|06134060|892|1
05/09/2013|14|13260|1|06119040|06217020|638|1
12/09/2013|13|13261|3|50049110|06119060|844|1
23/09/2013|7|13262|1|06112080|06119050|821|1
23/09/2013|2|13263|4|06126020|26014010|833|1
02/09/2013|3|13264|4|14021230|06134060|243|1
23/09/2013|6|13265|6|06224020|06134010|904|1
13/09/2013|16|13266|6|26007040|14182270|92|1
21/09/2013|5|13267|3|14021240|06119050|793|1
12/09/2013|1|13268|1|26014010|06134050|402|1
28/09/2013|17|13269|6|50049050|06119050|322|1
09/09/2013|10|13270|1|50035050|06134060|851|1
20/09/2013|4|13271|4|06134050|50056060|794|1
15/09/2013|17|13272|2|06119020|50049090|538|1
10/09/2013|8|13273|3|06119070|50049050|196|1
10/09/2013|6|13274|5|50049010|50049050|826|1
27/09/2013|4|13275|5|14028030|50056060|1026|1
12/09/2013|19|13276|4|06119020|06210050|42|1
22/09/2013|13|13277|3|06119040|14182270|713|1
23/09/2013|16|13278|6|50049050|06134020|601|1
10/09/2013|18|13279|4|06210050|26007020|389|1
10/09/2013|2|13280|1|14021270|14182270|799|1
10/09/2013|20|13281|4|14028030|14021230|734|1
14/09/2013|4|13282|5|50049050|06119010|86|1
28/09/2013|14|13283|1|06119070|14028050|758|1
12/09/2013|12|13284|1|06126030|50049050|433|1
18/09/2013|8|13285|1|06217020|06224010|690|1
18/09/2013|3|13286|3|26014010|06119020|191|1
07/09/2013|12|13287|4|14021320|14182290|507|1
06/09/2013|12|13288|4|26007040|26014010|603|1
02/10/2013|11|13289|2|06119010|14028020|642|1
07/10/2013|12|13290|4|06119090|50049050|938|1
30/10/2013|4|13291|6|06112090|06119050|763|1
31/10/2013|5|13292|1|06119050|14028030|884|1
11/10/2013|16|13293|6|06119040|06134050|739|1
11/10/2013|17|13294|4|06119090|06217030|76|1
22/10/2013|19|13295|5|06224020|06134030|43|1
02/10/2013|14|13296|6|06134060|06217010|50|1
04/10/2013|16|13297|3|06126020|06119090|1136|1
05/10/2013|18|13298|3|06134030|06217010|157|1
09/10/2013|20|13299|4|06112080|06119020|706|1
24/10/2013|6|13300|1|50049110|14021260|131|1
01/10/2013|3|13301|6|14182280|14021290|570|1
08/10/2013|8|13302|2|06119080|06134030|943|1
20/10/2013|3|13303|3|14028020|06119040|445|1
16/10/2013|16|13304|5|50049090|06224010|950|1
23/10/2013|18|13305|2|50042020|06134010|125|1
31/10/2013|18|13306|3|06224020|06119050|1053|1
23/10/2013|9|13307|2|14182290|06217030|332|1
24/10/2013|3|13308|5|50035050|50042020|238|1
16/10/2013|17|13309|2|14028030|06119040|1046|1
04/10/2013|3|13310|5|14021230|26007020|230|1
09/10/2013|16|13311|4|06126040|06217020|106|1
11/10/2013|8|13312|1|50035060|50056050|490|1
12/10/2013|7|13313|3|14028020|14182270|831|1
12/10/2013|18|13314|5|14182290|06126040|731|1
15/10/2013|19|13315|3|50049010|06134030|217|1
28/10/2013|1|13316|6|14021240|06224010|55|1
03/10/2013|11|13317|5|14021310|06134060|226|1
24/10/2013|5|13318|6|06217020|50042030|1022|1
07/10/2013|15|13319|6|14021270|06119010|158|1
13/10/2013|12|13320|5|06119050|14021230|618|1
03/10/2013|8|13321|1|06134040|50042030|260|1
31/10/2013|3|13322|2|14028040|14021300|1058|1
03/10/2013|11|13323|4|06134050|14182280|890|1
11/10/2013|14|13324|6|14021300|26007040|768|1
22/10/2013|12|13325|6|06217020|06119060|949|1
15/10/2013|16|13326|1|06119070|26007040|1118|1
18/10/2013|20|13327|6|14021230|14028020|637|1
12/10/2013|1|13328|5|50049110|06119020|139|1
31/10/2013|14|13329|1|50049110|50049090|939|1
31/10/2013|11|13330|6|50035060|06134030|1104|1
26/10/2013|1|13331|5|06134060|14182290|487|1
02/11/2013|17|13332|3|06119080|14021230|663|1
23/11/2013|5|13333|5|14028040|14021230|462|1
18/11/2013|15|13334|3|14182290|14028020|57|1
19/11/2013|10|13335|3|14021290|50035060|1135|1
17/11/2013|3|13336|2|50049110|26007040|664|1
16/11/2013|18|13337|6|14021260|50035050|503|1
22/11/2013|13|13338|4|06119010|14021290|856|1
19/11/2013|17|13339|4|14028020|50035060|136|1
03/11/2013|1|13340|6|50056050|06224020|651|1
11/11/2013|6|13341|4|50035060|50035050|692|1
14/11/2013|16|13342|3|26014010|06119050|767|1
21/11/2013|20|13343|4|14021240|26007030|127|1
06/11/2013|19|13344|6|06134020|50049050|869|1
26/11/2013|15|13345|3|06119060|14021320|338|1
27/11/2013|9|13346|4|06119040|06134040|252|1
13/11/2013|15|13347|3|06217030|06119020|505|1
20/11/2013|7|13348|1|06134050|06119070|375|1
02/11/2013|3|13349|3|06217010|06126010|987|1
03/11/2013|9|13350|6|06119090|26014010|438|1
22/11/2013|11|13351|6|50035050|14021230|448|1
05/11/2013|8|13352|4|06134040|14021270|776|1
02/11/2013|10|13353|6|06217030|50056050|170|1
07/11/2013|19|13354|6|06217030|50049090|878|1
27/11/2013|2|13355|2|06119070|06134060|425|1
26/11/2013|17|13356|3|06119050|06119020|213|1
19/11/2013|12|13357|5|14021230|14021300|674|1
07/11/2013|8|13358|5|14021230|14021310|749|1
12/11/2013|10|13359|1|06134050|50042030|541|1
05/11/2013|18|13360|1|50049050|06134060|675|1
02/11/2013|3|13361|1|14028030|14028040|160|1
06/11/2013|11|13362|2|06126040|26007030|187|1
06/11/2013|15|13363|1|06126030|06224020|120|1
18/11/2013|11|13364|2|14021250|06112080|60|1
30/11/2013|9|13365|1|06112090|50035060|714|1
08/11/2013|14|13366|6|06134040|14028050|665|1
23/11/2013|2|13367|3|06134010|06126020|725|1
25/11/2013|6|13368|2|06112080|06119070|860|1
22/11/2013|16|13369|1|06119040|26007020|936|1
04/11/2013|14|13370|2|06134020|06224010|1099|1
18/11/2013|4|13371|6|50049050|14028050|518|1
24/11/2013|4|13372|4|06217030|14182290|297|1
27/11/2013|11|13373|3|06119060|06210050|267|1
12/11/2013|13|13374|2|06217030|14021260|701|1
18/11/2013|6|13375|4|50049010|14028040|854|1
18/12/2013|15|13376|2|14028020|14028050|418|1
15/12/2013|4|13377|1|06126040|06119080|398|1
09/12/2013|5|13378|5|14028050|26007040|905|1
22/12/2013|14|13379|5|50049110|50042020|967|1
08/12/2013|14|13380|3|06112090|50049090|89|1
15/12/2013|7|13381|5|06112080|14028020|307|1
21/12/2013|6|13382|3|14182280|14021230|1021|1
14/12/2013|19|13383|1|14021230|06119040|220|1
25/12/2013|1|13384|2|14021270|06217020|1134|1
29/12/2013|3|13385|1|06112080|14182290|774|1
30/12/2013|1|13386|5|14021240|50042020|439|1
28/12/2013|9|13387|6|06224020|50042030|1068|1
24/12/2013|12|13388|4|06134060|50042020|719|1
19/12/2013|3|13389|1|50049110|06119080|1137|1
09/12/2013|5|13390|1|50049110|06119080|211|1
15/12/2013|14|13391|3|14021310|14021230|982|1
04/12/2013|17|13392|6|06126020|06134020|926|1
16/12/2013|7|13393|4|26007040|50049110|954|1
23/12/2013|9|13394|4|14021320|06134040|125|1
25/12/2013|2|13395|5|14028030|06134030|564|1
01/12/2013|3|13396|3|50042030|14182280|686|1
26/12/2013|5|13397|3|14028040|50042020|1051|1
22/12/2013|1|13398|4|14182280|06119060|881|1
17/12/2013|13|13399|4|26007020|06224020|1088|1
13/12/2013|13|13400|3|14021290|06134050|503|1
04/12/2013|9|13401|1|50056060|50042020|850|1
30/12/2013|2|13402|6|26007040|14021280|358|1
23/12/2013|15|13403|4|06126030|50049090|525|1
25/12/2013|13|13404|6|06217020|06134030|163|1
17/12/2013|20|13405|4|14028040|14021250|792|1
03/12/2013|5|13406|3|06134050|06112080|467|1
31/12/2013|15|13407|3|06126010|06112090|154|1
10/12/2013|15|13408|2|06119090|06119060|431|1
04/12/2013|2|13409|6|14021240|50056060|1039|1
03/12/2013|4|13410|1|06217020|50049110|391|1
01/12/2013|5|13411|4|14028040|14182290|864|1
26/12/2013|14|13412|5|06119020|50056060|1036|1
13/12/2013|15|13413|2|14021230|14182280|873|1
02/12/2013|10|13414|4|14028050|06224010|417|1
06/12/2013|17|13415|6|14021280|26007030|143|1
03/12/2013|13|13416|6|26007020|06119070|443|1
01/12/2013|20|13417|6|14021290|14021310|974|1
24/12/2013|13|13418|6|06217010|06119010|949|1
03/12/2013|9|13419|5|14021300|50056050|749|1
31/01/2014|7|13420|4|06224010|06126030|456|1
10/01/2014|8|13421|5|26007030|14028050|953|1
29/01/2014|7|13422|6|14021270|06126020|527|1
27/01/2014|18|13423|2|14021240|14028040|495|1
12/01/2014|10|13424|5|06119070|06134020|674|1
14/01/2014|18|13425|3|06126010|50049110|603|1
20/01/2014|4|13426|2|06119040|14021300|138|1
22/01/2014|4|13427|1|14021310|06112080|247|1
14/01/2014|17|13428|2|14028040|06134020|495|1
04/01/2014|10|13429|6|14028020|50049010|41|1
16/01/2014|20|13430|1|06126030|06119060|1027|1
16/01/2014|8|13431|4|06126040|06134020|449|1
02/01/2014|9|13432|1|14021290|06119050|580|1
25/01/2014|3|13433|2|14021320|14021270|755|1
27/01/2014|11|13434|6|06134020|50035060|94|1
01/01/2014|6|13435|1|26007030|14182290|948|1
19/01/2014|6|13436|2|14021320|06134020|546|1
27/01/2014|9|13437|3|14021280|06126040|554|1
27/01/2014|12|13438|2|14021290|06112080|457|1
09/01/2014|20|13439|2|14028020|50035060|145|1
27/01/2014|19|13440|3|06119020|50056050|723|1
04/01/2014|17|13441|2|06217030|50035060|1066|1
11/01/2014|5|13442|4|14021250|14182290|798|1
09/01/2014|3|13443|2|06112090|50056060|57|1
07/01/2014|9|13444|2|50042020|14021260|804|1
12/01/2014|8|13445|6|14021260|06119090|823|1
07/01/2014|7|13446|1|06119060|14021310|535|1
24/01/2014|18|13447|3|06134020|50042020|660|1
23/01/2014|2|13448|5|14021280|50042030|295|1
17/01/2014|19|13449|5|14021260|14021300|933|1
22/01/2014|6|13450|4|06119020|14021320|548|1
29/01/2014|1|13451|6|06126040|06134010|794|1
04/01/2014|16|13452|3|50056050|06119060|747|1
24/01/2014|18|13453|4|26007020|14182270|124|1
09/01/2014|3|13454|6|06210050|06112080|486|1
16/02/2014|19|13455|4|26007040|06119050|925|1
21/02/2014|13|13456|6|06224010|06210050|1000|1
21/02/2014|18|13457|1|06217030|06224010|703|1
01/02/2014|12|13458|1|14021240|14021320|262|1
10/02/2014|1|13459|3|06134010|06134060|97|1
14/02/2014|10|13460|1|50049090|26007030|384|1
06/02/2014|6|13461|5|50056050|06126010|285|1
27/02/2014|2|13462|1|06134050|26007020|396|1
20/02/2014|14|13463|1|06119060|14021310|576|1
20/02/2014|17|13464|5|26007020|06112080|321|1
01/02/2014|6|13465|3|14021280|14021240|963|1
11/02/2014|13|13466|3|50042020|06134060|323|1
10/02/2014|5|13467|6|06119040|26007040|745|1
15/02/2014|6|13468|5|06119060|06112080|929|1
05/02/2014|17|13469|5|14021230|06134050|63|1
11/02/2014|17|13470|4|50042030|06112090|429|1
05/02/2014|10|13471|2|06119010|50035060|726|1
12/02/2014|1|13472|1|26007040|14021280|429|1
28/02/2014|12|13473|1|50049010|14021230|1074|1
09/02/2014|2|13474|2|06134040|14021230|266|1
11/02/2014|13|13475|6|14182270|50042030|1077|1
23/02/2014|1|13476|5|06134050|50049010|56|1
20/02/2014|1|13477|2|14021230|06126020|298|1
06/02/2014|1|13478|2|14182290|50049050|784|1
17/02/2014|11|13479|6|50049090|06134040|516|1
06/02/2014|9|13480|6|26007020|06126040|309|1
19/02/2014|2|13481|5|06134010|06112080|51|1
26/02/2014|1|13482|2|14028030|26007040|95|1
05/02/2014|20|13483|3|14021240|06126040|383|1
04/02/2014|3|13484|3|06119080|14021260|635|1
07/02/2014|1|13485|4|06224020|14021260|1095|1
17/02/2014|16|13486|3|50049110|14028020|382|1
18/02/2014|11|13487|3|14028040|50049090|447|1
17/02/2014|7|13488|4|14021240|06134060|356|1
05/02/2014|14|13489|4|26007040|14021310|708|1
02/02/2014|16|13490|4|14021240|50049090|640|1
05/02/2014|16|13491|2|06217020|06217010|343|1
27/02/2014|11|13492|5|14021240|50056050|828|1
26/02/2014|11|13493|4|06217030|06217020|793|1
16/02/2014|13|13494|6|50049090|06126030|554|1
10/02/2014|4|13495|6|06112090|06119020|46|1
25/02/2014|2|13496|3|26007040|06134050|41|1
05/02/2014|16|13497|3|14021230|14028030|723|1
15/03/2014|10|13498|1|06126040|50049090|1064|1
02/03/2014|12|13499|3|14028040|14028050|588|1
17/03/2014|20|13500|3|06134060|06112080|347|1
14/03/2014|6|13501|2|06119090|14021240|354|1
18/03/2014|19|13502|3|06134040|50042030|779|1
17/03/2014|20|13503|6|06126040|50056050|479|1
23/03/2014|18|13504|6|06217010|06119090|303|1
01/03/2014|6|13505|1|06126020|14021280|478|1
04/03/2014|15|13506|4|14028030|14021310|637|1
18/03/2014|11|13507|2|06119040|50042030|287|1
29/03/2014|4|13508|2|14021290|50049110|375|1
03/03/2014|6|13509|2|06134020|50049050|634|1
28/03/2014|7|13510|3|06119060|06217020|790|1
09/03/2014|5|13511|3|06119050|06119020|973|1
10/03/2014|15|13512|4|14021290|06126030|263|1
08/03/2014|14|13513|3|26014010|06119040|871|1
15/03/2014|5|13514|1|14028030|06119060|1066|1
09/03/2014|13|13515|6|06119050|14021290|267|1
17/03/2014|5|13516|4|06134010|06126010|1134|1
26/03/2014|5|13517|1|06126020|06119050|90|1
02/03/2014|20|13518|3|06134050|14021310|48|1
09/03/2014|9|13519|5|06126040|14021250|858|1
10/03/2014|6|13520|1|14021280|50056060|652|1
09/03/2014|2|13521|3|14021300|14021240|736|1
28/03/2014|4|13522|3|06119020|06112080|350|1
17/03/2014|9|13523|5|14028020|06126030|582|1
10/03/2014|20|13524|5|14021280|14021290|790|1
31/03/2014|1|13525|1|06134030|14182270|967|1
16/03/2014|15|13526|1|50035060|14021290|277|1
23/03/2014|12|13527|5|06119070|06119090|883|1
27/03/2014|4|13528|3|14021260|06217020|937|1
30/03/2014|1|13529|1|50042020|06224010|724|1
07/03/2014|6|13530|1|50049010|06119050|468|1
24/03/2014|2|13531|6|50049110|06217020|576|1
05/03/2014|11|13532|4|06126010|14028020|489|1
26/03/2014|3|13533|2|14028030|06126020|776|1
21/03/2014|12|13534|6|50035060|50049110|238|1
26/03/2014|11|13535|4|50049050|14182270|189|1
10/03/2014|18|13536|1|06119040|06119090|1026|1
21/04/2014|5|13537|2|50049110|06217010|666|1
09/04/2014|7|13538|1|50042020|14182270|521|1
18/04/2014|8|13539|2|06134030|14021250|845|1
15/04/2014|3|13540|2|50049010|06126020|312|1
17/04/2014|1|13541|3|06119040|06217030|733|1
11/04/2014|10|13542|3|06126010|06224010|864|1
06/04/2014|9|13543|6|06119050|26007030|480|1
28/04/2014|2|13544|3|06126010|50035050|339|1
07/04/2014|5|13545|1|50049090|06134030|441|1
09/04/2014|11|13546|6|50035050|06217030|515|1
09/04/2014|18|13547|3|14182290|06126040|441|1
15/04/2014|6|13548|6|06224010|50056050|691|1
18/04/2014|8|13549|2|14021290|06119050|868|1
25/04/2014|19|13550|4|26007020|14028030|108|1
25/04/2014|16|13551|6|06134040|14182290|784|1
14/04/2014|19|13552|6|26007030|06224010|231|1
14/04/2014|9|13553|1|14021290|14028050|71|1
16/04/2014|20|13554|2|14028050|06217020|786|1
30/04/2014|11|13555|2|06119050|50049050|116|1
19/04/2014|8|13556|4|50049050|50035050|168|1
30/04/2014|1|13557|6|26007020|06112090|1051|1
24/04/2014|11|13558|5|06119060|50035050|530|1
22/04/2014|6|13559|5|06119020|14021250|488|1
09/04/2014|19|13560|2|06134020|06119060|882|1
10/04/2014|1|13561|1|06134020|06217010|469|1
30/04/2014|20|13562|3|06126040|06119020|587|1
19/04/2014|3|13563|4|50049110|50056050|176|1
21/04/2014|2|13564|1|50035050|14021270|981|1
03/04/2014|4|13565|6|06217030|26007030|274|1
23/04/2014|17|13566|6|50049050|50049090|371|1
01/04/2014|9|13567|3|06217030|14182290|935|1
17/04/2014|16|13568|5|14028040|06134060|345|1
19/04/2014|19|13569|2|50042030|14028050|833|1
25/04/2014|18|13570|6|06217010|14021250|827|1
23/04/2014|4|13571|5|06126010|06119070|773|1
25/04/2014|7|13572|5|14182280|50035050|636|1
02/04/2014|3|13573|3|14182280|06224010|712|1
29/04/2014|14|13574|3|14021320|26007030|526|1
30/04/2014|1|13575|4|14021250|06119060|180|1
28/04/2014|20|13576|4|50042030|14182280|49|1
27/04/2014|16|13577|3|06134040|06119070|815|1
08/04/2014|5|13578|1|06119020|06119080|768|1
21/04/2014|19|13579|5|26014010|06119050|385|1
12/05/2014|9|13580|6|26007030|06126030|293|1
28/05/2014|2|13581|1|06224020|14021320|816|1
30/05/2014|20|13582|2|06126030|50049050|553|1
20/05/2014|2|13583|3|50056060|06119010|417|1
27/05/2014|14|13584|5|14021300|26007040|493|1
23/05/2014|20|13585|2|06119010|06134050|636|1
24/05/2014|7|13586|1|06119010|26007020|710|1
19/05/2014|11|13587|3|50042030|14028030|385|1
08/05/2014|18|13588|3|06217030|06119070|478|1
28/05/2014|15|13589|1|06210050|14021290|891|1
07/05/2014|6|13590|6|50035060|06134020|763|1
25/05/2014|13|13591|4|06217010|14028030|582|1
23/05/2014|15|13592|1|50035060|14028050|320|1
26/05/2014|2|13593|1|06217030|14021320|978|1
24/05/2014|6|13594|3|06217030|06119060|1056|1
30/05/2014|4|13595|2|14021250|14021280|444|1
06/05/2014|14|13596|1|50049050|06119090|894|1
29/05/2014|16|13597|3|50049090|06126020|532|1
09/05/2014|18|13598|1|06119050|50042020|240|1
17/05/2014|4|13599|3|06126020|14028020|671|1
05/05/2014|12|13600|1|06112080|50042030|291|1
07/05/2014|20|13601|2|06126020|50035060|416|1
14/05/2014|1|13602|3|06217030|06119070|562|1
13/05/2014|10|13603|5|14021260|14021230|439|1
15/05/2014|4|13604|4|06126040|14021290|287|1
27/05/2014|4|13605|3|14021300|06126010|707|1
04/05/2014|9|13606|1|14182280|06119060|957|1
28/05/2014|11|13607|2|14021240|50049110|606|1
10/05/2014|11|13608|5|06112090|06217020|188|1
10/05/2014|13|13609|1|14021260|14021240|483|1
17/05/2014|11|13610|3|06112090|14182270|620|1
28/05/2014|10|13611|3|14182290|14021250|1106|1
10/05/2014|10|13612|1|06119050|26007020|92|1
17/05/2014|16|13613|6|14028050|06119050|938|1
03/05/2014|19|13614|3|06217020|14021310|1068|1
04/05/2014|2|13615|2|50035050|26007030|471|1
21/05/2014|7|13616|4|14028040|06126020|689|1
26/05/2014|15|13617|5|06112090|06134050|86|1
18/05/2014|19|13618|6|50035060|14021240|461|1
11/05/2014|2|13619|3|26007040|14028040|355|1
18/05/2014|6|13620|2|50035060|14182270|758|1
31/05/2014|8|13621|6|06134060|50049010|1018|1
21/05/2014|10|13622|6|14028050|06126040|879|1
05/05/2014|13|13623|5|06134050|06217020|964|1
26/06/2014|5|13624|4|50056060|50049050|349|1
16/06/2014|11|13625|5|06210050|50035060|680|1
25/06/2014|9|13626|6|06134050|14021320|289|1
29/06/2014|20|13627|2|14028030|50042020|778|1
07/06/2014|5|13628|1|06119080|14021310|58|1
30/06/2014|19|13629|4|06119090|50049010|352|1
09/06/2014|15|13630|2|50056060|06224020|305|1
08/06/2014|11|13631|5|14021320|50035060|149|1
27/06/2014|15|13632|2|06134010|06126020|274|1
17/06/2014|15|13633|5|06134060|06134030|549|1
29/06/2014|7|13634|1|50049050|14021300|378|1
18/06/2014|10|13635|3|06210050|14021310|822|1
07/06/2014|14|13636|1|06134020|06217030|551|1
12/06/2014|11|13637|1|50035050|06119040|966|1
03/06/2014|13|13638|6|14021310|14021260|388|1
24/06/2014|14|13639|4|06112090|14021240|276|1
16/06/2014|17|13640|6|26007030|26014010|1037|1
06/06/2014|19|13641|4|14021250|06134060|629|1
25/06/2014|12|13642|5|06210050|50049110|566|1
29/06/2014|4|13643|6|14021280|50049110|938|1
23/06/2014|15|13644|5|06134030|50042020|367|1
27/06/2014|11|13645|4|14021310|14021240|641|1
24/06/2014|11|13646|5|50042030|50056060|1107|1
08/06/2014|17|13647|1|06126010|06224020|901|1
24/06/2014|14|13648|5|06119020|06126030|304|1
01/06/2014|14|13649|3|06119040|14021280|465|1
05/06/2014|12|13650|4|14021260|14021230|828|1
26/06/2014|12|13651|5|06134030|06217020|171|1
13/06/2014|17|13652|1|26007030|06119010|610|1
22/06/2014|13|13653|6|06134020|50042030|943|1
16/06/2014|9|13654|1|06119050|06217010|359|1
01/06/2014|8|13655|1|06119080|06126020|461|1
27/06/2014|12|13656|4|14021320|14021310|660|1
08/06/2014|16|13657|1|14021240|14021310|857|1
07/06/2014|3|13658|5|06217020|06224010|1072|1
08/06/2014|13|13659|3|06126010|14021260|714|1
06/06/2014|20|13660|1|06119050|26007040|86|1
10/06/2014|17|13661|4|06119020|14021300|223|1
10/06/2014|1|13662|6|06134050|14182280|853|1
15/06/2014|5|13663|1|26007040|14028020|471|1
22/06/2014|3|13664|6|06224010|50049110|669|1
29/06/2014|5|13665|2|50049050|06126010|424|1
02/07/2014|11|13666|6|14021300|26007040|769|1
17/07/2014|20|13667|1|50042030|06119070|968|1
01/07/2014|14|13668|4|14028020|26014010|984|1
31/07/2014|2|13669|1|06134060|06126020|258|1
21/07/2014|19|13670|1|06224020|06112090|260|1
17/07/2014|5|13671|6|06126020|06119090|55|1
02/07/2014|6|13672|2|26007020|14021280|740|1
30/07/2014|11|13673|6|26007040|26007030|936|1
11/07/2014|8|13674|6|50049110|26014010|677|1
26/07/2014|14|13675|5|50042030|06119070|415|1
06/07/2014|10|13676|3|14021300|14021250|555|1
01/07/2014|15|13677|5|06126040|06134010|950|1
02/07/2014|15|13678|1|06119080|06224010|414|1
16/07/2014|2|13679|3|14021240|06224020|40|1
27/07/2014|3|13680|3|06119010|06134010|565|1
23/07/2014|19|13681|4|26007030|14182270|213|1
26/07/2014|14|13682|1|14182280|06119070|864|1
01/07/2014|3|13683|3|14028040|06126020|215|1
04/07/2014|6|13684|4|06119020|14021230|823|1
19/07/2014|18|13685|2|14021240|14028040|787|1
12/07/2014|14|13686|4|14021290|50049050|147|1
15/07/2014|19|13687|1|06210050|26007040|653|1
30/07/2014|9|13688|2|06119050|06224020|862|1
03/07/2014|10|13689|5|06119010|50049050|707|1
03/07/2014|14|13690|6|06126010|50049050|719|1
21/07/2014|6|13691|4|50056050|06217020|810|1
22/07/2014|3|13692|2|14182270|06119080|1053|1
02/07/2014|11|13693|1|06224020|06134010|597|1
28/07/2014|20|13694|2|06224010|06134030|68|1
19/07/2014|14|13695|1|14028030|50042020|796|1
15/07/2014|13|13696|3|06217030|06119020|240|1
05/07/2014|15|13697|5|06112090|26007040|1067|1
13/07/2014|19|13698|6|06224010|14028050|798|1
01/07/2014|13|13699|2|50049090|06134060|763|1
30/07/2014|16|13700|6|06217020|14021260|675|1
11/07/2014|19|13701|3|06210050|50042030|805|1
03/07/2014|10|13702|5|06134060|14028050|503|1
30/08/2014|3|13703|6|14021300|50049110|106|1
18/08/2014|13|13704|3|26007030|14028030|657|1
26/08/2014|11|13705|5|14028030|14028050|714|1
04/08/2014|11|13706|6|14021230|06119060|242|1
16/08/2014|4|13707|3|14028040|06134010|1030|1
25/08/2014|19|13708|5|14021290|14028050|66|1
10/08/2014|3|13709|3|06217030|14028020|329|1
20/08/2014|5|13710|6|06119080|14028050|544|1
10/08/2014|13|13711|5|06134060|06224010|695|1
08/08/2014|9|13712|2|50056060|06119010|876|1
20/08/2014|1|13713|6|14028040|26007040|933|1
01/08/2014|6|13714|5|14021260|50056060|590|1
11/08/2014|7|13715|3|06112080|06134040|323|1
02/08/2014|11|13716|5|26007040|06119090|43|1
03/08/2014|7|13717|6|26007040|06119070|875|1
06/08/2014|19|13718|5|50049050|26007020|381|1
13/08/2014|10|13719|1|14021310|50049090|288|1
22/08/2014|7|13720|4|06119010|14028020|934|1
16/08/2014|3|13721|5|06119070|14021240|889|1
06/08/2014|11|13722|5|06119050|50042020|1025|1
13/08/2014|19|13723|2|50049010|06126020|1103|1
08/08/2014|9|13724|3|06134060|06126010|511|1
30/08/2014|6|13725|5|06119080|14028050|352|1
15/08/2014|13|13726|6|06119050|06217030|550|1
05/08/2014|7|13727|4|06119050|14021280|451|1
02/08/2014|14|13728|5|26007030|14021230|1102|1
11/08/2014|1|13729|6|06217030|06119070|283|1
19/08/2014|7|13730|5|14021260|06119010|1066|1
04/08/2014|4|13731|3|06119040|14028050|928|1
21/08/2014|6|13732|3|14021320|14021300|856|1
22/08/2014|8|13733|4|06119010|06112090|434|1
08/08/2014|17|13734|1|50049050|14028030|117|1
22/08/2014|18|13735|6|14028050|06224010|883|1
30/08/2014|19|13736|1|06217010|06126020|289|1
07/08/2014|6|13737|1|50035050|06134060|371|1
06/08/2014|19|13738|2|06134030|50049050|317|1
05/08/2014|8|13739|6|06134010|14021280|233|1
31/08/2014|11|13740|4|26014010|06126040|715|1
14/08/2014|3|13741|1|50049110|06134040|138|1
17/08/2014|11|13742|3|14182290|06119090|978|1
13/08/2014|2|13743|4|50049090|06119020|382|1
17/08/2014|5|13744|6|06119080|06126040|64|1
29/08/2014|3|13745|5|06217030|14021230|512|1
29/09/2014|8|13746|2|06126020|26007030|1086|1
16/09/2014|13|13747|3|06119060|50042020|292|1
17/09/2014|11|13748|2|06210050|06134040|524|1
12/09/2014|20|13749|4|14021290|06119020|586|1
09/09/2014|19|13750|3|14021260|14028040|1071|1
13/09/2014|14|13751|3|14028020|06126010|299|1
22/09/2014|7|13752|4|06119010|50049050|1041|1
01/09/2014|18|13753|5|50042030|06134060|380|1
30/09/2014|4|13754|3|06134030|06126040|550|1
26/09/2014|17|13755|5|14021290|14028020|848|1
26/09/2014|17|13756|1|06119020|06119060|980|1
26/09/2014|5|13757|2|50035050|06119080|819|1
23/09/2014|16|13758|6|14182270|50049110|358|1
06/09/2014|12|13759|5|14182270|14028020|938|1
29/09/2014|12|13760|1|26007040|06134010|879|1
12/09/2014|10|13761|1|50049010|06119070|972|1
16/09/2014|13|13762|1|50056060|50049110|282|1
19/09/2014|10|13763|6|26007020|14028040|581|1
03/09/2014|9|13764|3|14021250|14021300|552|1
22/09/2014|3|13765|5|06126020|06112080|952|1
04/09/2014|14|13766|5|06119070|50049110|417|1
26/09/2014|12|13767|5|50042030|14021270|959|1
28/09/2014|11|13768|6|14021260|50056050|214|1
16/09/2014|19|13769|1|06112090|06134040|1005|1
10/09/2014|4|13770|6|06126040|14021320|528|1
29/09/2014|1|13771|3|26007030|06119060|605|1
23/09/2014|6|13772|5|50049050|06119050|758|1
04/09/2014|8|13773|4|26007040|06134060|565|1
22/09/2014|1|13774|5|06119090|06134020|1003|1
02/09/2014|7|13775|1|26007040|14021260|216|1
18/09/2014|1|13776|6|14021230|14021310|237|1
07/09/2014|1|13777|1|14028030|06224010|534|1
18/09/2014|11|13778|4|14028050|14021260|872|1
12/09/2014|3|13779|2|14021300|06210050|509|1
05/09/2014|16|13780|5|06119020|50049090|821|1
06/10/2014|16|13781|4|06134030|14028020|370|1
18/10/2014|2|13782|2|06119010|06126030|903|1
28/10/2014|1|13783|6|06112080|14028050|645|1
08/10/2014|6|13784|3|14021320|06224010|375|1
04/10/2014|20|13785|2|50042030|06134030|707|1
20/10/2014|20|13786|5|06134060|14182270|321|1
28/10/2014|7|13787|4|06119040|26007040|1077|1
23/10/2014|9|13788|2|06119060|14021290|959|1
17/10/2014|19|13789|3|14021300|50042020|762|1
15/10/2014|9|13790|3|50056060|06119050|457|1
24/10/2014|20|13791|6|50056050|06126030|776|1
19/10/2014|15|13792|2|50049090|14021270|164|1
25/10/2014|17|13793|1|06126030|26014010|982|1
19/10/2014|6|13794|4|06217020|14021290|106|1
29/10/2014|15|13795|2|06134020|06134010|266|1
18/10/2014|19|13796|4|06119080|06217010|559|1
23/10/2014|9|13797|5|14028030|14021300|688|1
09/10/2014|11|13798|4|14021270|06112080|699|1
04/10/2014|1|13799|2|14028050|26007040|324|1
07/10/2014|18|13800|4|06210050|06224020|225|1
04/10/2014|18|13801|4|26014010|14021300|734|1
09/10/2014|17|13802|2|14021310|14021320|475|1
15/10/2014|12|13803|4|06134010|06119080|586|1
28/10/2014|12|13804|2|06119080|14021310|1016|1
02/10/2014|12|13805|3|50049010|14021280|255|1
19/10/2014|4|13806|1|50042020|14021310|335|1
17/10/2014|20|13807|3|06224020|06119060|1038|1
21/10/2014|19|13808|6|06134020|50049050|1010|1
17/10/2014|5|13809|4|14028030|14028020|702|1
18/10/2014|13|13810|2|14021320|06119070|486|1
08/10/2014|12|13811|5|14182270|50049090|895|1
07/10/2014|20|13812|3|06210050|06119080|844|1
06/10/2014|15|13813|3|50035060|06119090|662|1
30/10/2014|4|13814|4|06134050|06119050|1074|1
15/10/2014|7|13815|6|50035060|50035050|366|1
08/10/2014|20|13816|6|14021280|14182290|846|1
04/10/2014|14|13817|5|26007020|50035060|173|1
25/11/2014|15|13818|1|14021260|26014010|204|1
24/11/2014|13|13819|5|06119090|26007020|734|1
21/11/2014|4|13820|6|14021320|06112090|1061|1
14/11/2014|20|13821|1|50042020|14021320|946|1
17/11/2014|6|13822|2|14021260|06134060|82|1
13/11/2014|14|13823|4|06119040|06119050|1039|1
05/11/2014|16|13824|4|06134030|06119090|819|1
30/11/2014|3|13825|4|06134060|50035050|961|1
29/11/2014|13|13826|6|50042020|06112080|284|1
22/11/2014|2|13827|3|06112080|14028030|953|1
21/11/2014|19|13828|6|50049010|06217010|373|1
03/11/2014|15|13829|2|14021260|06134060|534|1
03/11/2014|2|13830|3|06134020|14021300|1080|1
26/11/2014|16|13831|5|14028020|06112090|90|1
08/11/2014|14|13832|3|14182290|06112090|751|1
12/11/2014|9|13833|6|26007030|14182270|890|1
17/11/2014|8|13834|4|06119090|50042030|1092|1
07/11/2014|12|13835|6|14182270|06119040|727|1
19/11/2014|8|13836|2|06119050|06224020|45|1
05/11/2014|17|13837|5|26007020|50049090|727|1
21/11/2014|7|13838|2|14028040|06134040|53|1
01/11/2014|11|13839|3|06217020|50042020|1060|1
11/11/2014|11|13840|5|50056050|50042030|915|1
06/11/2014|18|13841|6|06217030|14021300|497|1
09/11/2014|16|13842|6|14021300|50049110|531|1
01/11/2014|7|13843|2|06134010|06119040|312|1
03/11/2014|9|13844|3|06119010|06134050|173|1
29/11/2014|11|13845|6|14021270|06134030|532|1
28/11/2014|15|13846|4|26014010|06126030|337|1
02/11/2014|5|13847|1|06134060|50042030|220|1
04/11/2014|16|13848|5|14028030|14028040|465|1
09/11/2014|15|13849|4|50049110|14021300|1068|1
23/11/2014|15|13850|2|14021230|14028030|1003|1
09/11/2014|7|13851|3|06217030|06112080|930|1
22/11/2014|13|13852|4|06119060|06134010|192|1
11/11/2014|1|13853|1|14028030|50042020|773|1
30/11/2014|18|13854|3|06119040|50049110|543|1
03/12/2014|8|13855|4|14021230|06112090|134|1
15/12/2014|16|13856|5|06126040|06134040|256|1
01/12/2014|2|13857|4|06134020|14021280|169|1
07/12/2014|14|13858|1|06134010|14021300|521|1
26/12/2014|6|13859|3|06119070|06126020|351|1
10/12/2014|5|13860|6|06119040|14021300|1046|1
18/12/2014|8|13861|4|14021320|50056060|703|1
02/12/2014|4|13862|2|06134040|06210050|634|1
22/12/2014|5|13863|5|14182280|06224020|495|1
03/12/2014|17|13864|4|06134050|06134040|672|1
21/12/2014|5|13865|6|50049010|14021320|680|1
26/12/2014|15|13866|2|06119080|50049050|487|1
14/12/2014|9|13867|3|14028040|50049050|1042|1
28/12/2014|1|13868|2|06119080|06119060|531|1
24/12/2014|3|13869|1|06119070|50056060|809|1
17/12/2014|8|13870|3|06224010|06134010|429|1
13/12/2014|13|13871|6|06217030|06134050|1067|1
25/12/2014|4|13872|4|06224020|50056060|374|1
01/12/2014|10|13873|5|06119080|26014010|121|1
31/12/2014|13|13874|4|06134060|14182270|756|1
04/12/2014|7|13875|6|06119010|14021320|212|1
01/12/2014|14|13876|6|06112090|06126010|966|1
09/12/2014|18|13877|3|06134020|06112090|329|1
12/12/2014|5|13878|3|06217030|06126030|484|1
14/12/2014|9|13879|1|06134040|50049050|964|1
25/12/2014|4|13880|2|06134010|06119070|372|1
10/12/2014|7|13881|1|06119010|26007040|439|1
24/12/2014|15|13882|3|06134060|26007040|194|1
27/12/2014|12|13883|4|14021270|06119050|833|1
04/12/2014|4|13884|1|14021250|26014010|105|1
03/12/2014|18|13885|5|50049010|14021240|1128|1
06/12/2014|13|13886|4|06119020|06119070|474|1
07/12/2014|4|13887|1|14182270|50049110|211|1
16/12/2014|14|13888|6|50049010|06217030|522|1
23/12/2014|2|13889|2|06119050|14028040|783|1
14/12/2014|9|13890|1|14021270|26007030|693|1
28/12/2014|20|13891|3|06112090|06210050|933|1
24/01/2015|13|13892|4|14182290|06119060|759|1
25/01/2015|8|13893|6|06119010|26007030|233|1
26/01/2015|15|13894|3|06119040|26007030|823|1
12/01/2015|19|13895|1|26007040|06119040|298|1
11/01/2015|16|13896|6|06134040|50049110|298|1
10/01/2015|16|13897|1|06119070|26007030|422|1
06/01/2015|20|13898|2|06224010|26014010|592|1
13/01/2015|9|13899|6|06134020|14021250|599|1
31/01/2015|5|13900|1|14021240|06217030|547|1
19/01/2015|19|13901|1|06134060|50049090|1040|1
08/01/2015|14|13902|4|06119060|26007040|457|1
01/01/2015|5|13903|3|26014010|50049050|928|1
11/01/2015|5|13904|3|06217020|14182270|981|1
07/01/2015|1|13905|3|14021290|26007020|124|1
16/01/2015|20|13906|3|14182270|06119060|131|1
11/01/2015|3|13907|1|06210050|06134020|303|1
21/01/2015|8|13908|3|26014010|14182290|1058|1
16/01/2015|18|13909|1|06217030|06126040|846|1
02/01/2015|6|13910|4|06224020|50049090|240|1
25/01/2015|1|13911|5|26007030|26007020|967|1
15/01/2015|3|13912|1|14021310|50042020|247|1
12/01/2015|20|13913|5|50042030|06126020|336|1
09/01/2015|18|13914|5|06112080|50049090|548|1
13/01/2015|7|13915|3|14021290|06119050|351|1
28/01/2015|20|13916|5|06134050|06119040|719|1
10/01/2015|1|13917|1|06119070|26007040|1089|1
30/01/2015|7|13918|5|14182290|14021260|335|1
23/01/2015|18|13919|4|14021240|50056050|490|1
17/01/2015|6|13920|3|14182270|06119090|187|1
07/01/2015|13|13921|4|06112090|14028040|688|1
17/01/2015|4|13922|5|06112080|14021290|115|1
01/01/2015|15|13923|3|06217010|06134060|568|1
31/01/2015|6|13924|3|06119040|06126020|295|1
12/01/2015|15|13925|3|06217010|06134010|352|1
16/01/2015|19|13926|4|06126020|14021270|184|1
10/01/2015|9|13927|6|26007040|26007020|585|1
24/01/2015|4|13928|6|50049010|06119020|835|1
06/01/2015|10|13929|1|50035050|06119070|435|1
01/01/2015|9|13930|2|06217020|06224010|413|1
27/01/2015|8|13931|4|06119070|50042030|773|1
24/01/2015|9|13932|4|14021240|06112080|707|1
21/01/2015|16|13933|3|06134020|14182280|451|1
20/02/2015|13|13934|1|06119040|14028050|500|1
02/02/2015|8|13935|1|06119050|06126040|771|1
21/02/2015|18|13936|1|14021300|06112080|435|1
19/02/2015|20|13937|2|50049090|06126040|461|1
18/02/2015|16|13938|4|06224020|14021240|171|1
18/02/2015|12|13939|1|06134010|50056050|909|1
22/02/2015|13|13940|4|06224010|06126010|117|1
28/02/2015|7|13941|5|50035060|06134030|289|1
12/02/2015|19|13942|2|06119090|06217020|906|1
20/02/2015|19|13943|4|14021290|06134010|538|1
18/02/2015|3|13944|2|06134040|06112080|76|1
28/02/2015|6|13945|2|50035050|14021290|576|1
02/02/2015|17|13946|3|06112080|26007020|150|1
25/02/2015|7|13947|6|14021300|14021260|215|1
16/02/2015|12|13948|6|06134010|14021260|971|1
09/02/2015|3|13949|3|14021240|14021230|1098|1
06/02/2015|7|13950|3|14028050|06126040|339|1
25/02/2015|15|13951|4|06134060|06119010|386|1
19/02/2015|10|13952|1|50049090|06126040|1118|1
21/02/2015|5|13953|3|50035050|06119090|938|1
01/02/2015|19|13954|5|14182270|06134050|449|1
12/02/2015|2|13955|6|14021250|50056060|679|1
28/02/2015|18|13956|2|50056050|26007020|1037|1
16/02/2015|7|13957|2|14028050|06119090|263|1
22/02/2015|6|13958|2|14021260|14028050|556|1
24/02/2015|19|13959|6|14021240|50056060|452|1
07/02/2015|11|13960|6|06217020|06134050|547|1
07/02/2015|1|13961|6|14028030|50049050|1133|1
09/02/2015|9|13962|2|50056060|06119090|507|1
05/02/2015|18|13963|6|06119010|06224010|1019|1
23/02/2015|16|13964|2|06119050|06217030|369|1
11/02/2015|12|13965|3|14021300|06126030|638|1
12/02/2015|3|13966|1|50049010|14021290|696|1
19/02/2015|2|13967|3|14028050|50049050|1079|1
22/02/2015|2|13968|4|06119050|06112090|70|1
01/02/2015|11|13969|3|26007040|14021300|293|1
16/02/2015|18|13970|2|14021230|50049010|807|1
24/02/2015|18|13971|5|26007040|06134050|1017|1
11/02/2015|6|13972|5|06217010|06134050|855|1
02/03/2015|20|13973|6|14021300|06119090|1054|1
18/03/2015|19|13974|1|06224020|14021250|846|1
12/03/2015|1|13975|5|14021320|06119080|714|1
02/03/2015|18|13976|1|26007030|06134060|270|1
22/03/2015|4|13977|6|06126010|26007040|1043|1
25/03/2015|8|13978|4|06112080|14021320|814|1
04/03/2015|1|13979|1|06119010|14028050|846|1
28/03/2015|3|13980|2|06210050|50049090|421|1
18/03/2015|4|13981|5|14028030|14182270|781|1
19/03/2015|12|13982|2|14021250|06224010|1002|1
03/03/2015|20|13983|5|06224020|06119070|1087|1
17/03/2015|17|13984|6|50049090|06134020|936|1
09/03/2015|20|13985|6|26007020|06217020|41|1
18/03/2015|18|13986|5|14021270|06119020|573|1
30/03/2015|16|13987|3|06210050|50049050|247|1
24/03/2015|20|13988|3|50042030|26014010|640|1
17/03/2015|9|13989|5|06119060|06217020|736|1
18/03/2015|9|13990|2|14021320|14021270|397|1
27/03/2015|11|13991|1|50042020|06217030|682|1
25/03/2015|1|13992|4|06112090|14021290|725|1
20/03/2015|19|13993|1|06224010|06134030|412|1
16/03/2015|18|13994|4|14182290|06119070|290|1
27/03/2015|2|13995|1|06126040|06119020|209|1
11/03/2015|9|13996|2|50042030|50049110|972|1
26/03/2015|11|13997|3|14028020|50049090|191|1
21/03/2015|6|13998|3|14021280|14028040|801|1
08/03/2015|9|13999|6|06119060|14028020|666|1
11/03/2015|16|14000|1|26007030|14028050|496|1
11/03/2015|3|14001|2|06134010|06112090|742|1
21/03/2015|8|14002|4|06126030|06119090|731|1
06/03/2015|10|14003|5|14021240|26007030|98|1
04/03/2015|19|14004|5|06210050|50056060|841|1
30/03/2015|17|14005|6|14021290|06134060|589|1
04/03/2015|12|14006|5|26014010|06210050|290|1
01/03/2015|1|14007|1|06119020|14021240|492|1
13/03/2015|6|14008|2|06112090|14028050|404|1
05/04/2015|11|14009|1|14021260|06134020|971|1
08/04/2015|11|14010|6|14021290|14021310|638|1
18/04/2015|8|14011|2|26007040|14182270|989|1
28/04/2015|13|14012|6|14021320|06134040|636|1
19/04/2015|2|14013|6|26007030|06217010|826|1
11/04/2015|3|14014|5|14021310|50056050|422|1
15/04/2015|13|14015|6|14021310|14182270|305|1
16/04/2015|3|14016|5|06119040|26007020|536|1
16/04/2015|5|14017|6|26007040|06217010|156|1
25/04/2015|11|14018|6|14028050|06119090|330|1
05/04/2015|18|14019|4|14021320|06119050|221|1
17/04/2015|14|14020|4|06217020|06134040|853|1
17/04/2015|14|14021|1|14021310|06119090|96|1
09/04/2015|14|14022|2|26007030|14182270|250|1
13/04/2015|3|14023|1|06217030|06210050|657|1
09/04/2015|8|14024|1|14182270|06210050|206|1
26/04/2015|5|14025|6|50042030|06112090|1082|1
27/04/2015|19|14026|5|14028040|14021280|715|1
29/04/2015|19|14027|6|14021290|06119050|810|1
18/04/2015|12|14028|3|14182280|50035060|598|1
26/04/2015|12|14029|5|06119020|06112090|1051|1
08/04/2015|13|14030|3|14021270|14182290|855|1
27/04/2015|12|14031|1|06112080|50035050|993|1
27/04/2015|4|14032|1|14182270|50049110|764|1
18/04/2015|19|14033|3|14182290|26014010|914|1
15/04/2015|10|14034|3|06210050|50056050|331|1
16/04/2015|1|14035|4|14021240|50056060|750|1
11/04/2015|18|14036|3|14021310|06119060|94|1
29/04/2015|1|14037|5|06126040|06126020|822|1
14/04/2015|9|14038|4|14028030|14021250|867|1
06/04/2015|6|14039|5|06119010|06119050|972|1
04/04/2015|15|14040|5|06126040|06126020|1062|1
01/04/2015|6|14041|2|06119020|06119090|421|1
28/04/2015|9|14042|3|06126010|50049050|755|1
05/04/2015|12|14043|5|26007020|14028030|90|1
29/05/2015|13|14044|2|14021320|06224010|680|1
23/05/2015|18|14045|5|26007020|06126030|198|1
08/05/2015|18|14046|6|06217020|06224010|942|1
01/05/2015|12|14047|5|50049010|06119020|98|1
06/05/2015|9|14048|5|50035060|06134040|1057|1
16/05/2015|4|14049|6|14021230|06217020|488|1
25/05/2015|19|14050|3|14021300|06119060|909|1
01/05/2015|3|14051|2|50035060|14021230|294|1
06/05/2015|14|14052|4|14028050|26007040|546|1
05/05/2015|8|14053|5|06119060|50035050|730|1
05/05/2015|17|14054|2|06126030|14021240|397|1
11/05/2015|20|14055|5|06119090|06224010|71|1
02/05/2015|7|14056|6|06119080|06224010|812|1
07/05/2015|20|14057|6|14021320|06112090|284|1
29/05/2015|16|14058|3|06126020|14021280|879|1
18/05/2015|12|14059|6|14021310|14028030|498|1
27/05/2015|2|14060|4|26014010|06224010|341|1
31/05/2015|13|14061|2|06126040|06126010|72|1
23/05/2015|20|14062|4|14021230|50049110|168|1
09/05/2015|16|14063|2|06119090|50056060|512|1
20/05/2015|13|14064|1|06119060|06134050|114|1
01/05/2015|14|14065|2|06134060|14021260|444|1
23/05/2015|3|14066|5|06217030|14021310|908|1
07/05/2015|4|14067|3|14028030|06134010|347|1
31/05/2015|6|14068|6|50049110|14182280|609|1
13/05/2015|14|14069|3|06119060|26007030|279|1
11/05/2015|6|14070|4|50035060|14182280|489|1
13/05/2015|13|14071|4|06119070|06134010|705|1
11/05/2015|13|14072|3|06119020|06224020|44|1
19/05/2015|17|14073|2|14021250|26007030|628|1
04/05/2015|8|14074|5|14182280|14028040|920|1
14/05/2015|20|14075|4|26007020|06112090|970|1
29/05/2015|13|14076|4|06112080|06134060|456|1
21/05/2015|19|14077|4|06119080|06119060|784|1
17/05/2015|6|14078|3|14021230|06126030|117|1
09/05/2015|20|14079|6|14021230|06112090|845|1
05/05/2015|3|14080|4|26007040|14021320|721|1
13/05/2015|2|14081|5|14021310|06112080|1102|1
10/05/2015|17|14082|1|26007040|14028020|945|1
12/05/2015|20|14083|4|06119050|14021290|1043|1
15/06/2015|3|14084|4|06119070|06119060|209|1
25/06/2015|11|14085|3|06134030|06126030|411|1
26/06/2015|8|14086|4|06126040|06217020|1056|1
06/06/2015|5|14087|5|06134060|50042020|932|1
09/06/2015|4|14088|1|14182280|06119050|957|1
04/06/2015|2|14089|2|14021240|26007040|354|1
20/06/2015|17|14090|6|14028050|26007020|313|1
23/06/2015|13|14091|6|06119050|14021270|810|1
02/06/2015|4|14092|3|50049110|14028030|106|1
23/06/2015|10|14093|4|06119010|14021250|872|1
07/06/2015|16|14094|4|26014010|14021300|208|1
06/06/2015|7|14095|6|06134050|50042020|547|1
13/06/2015|8|14096|2|14021310|06126020|706|1
16/06/2015|13|14097|4|14021310|14182290|193|1
24/06/2015|20|14098|5|06126040|50049090|852|1
20/06/2015|9|14099|5|06134030|06119080|352|1
03/06/2015|20|14100|2|14028020|26014010|681|1
29/06/2015|17|14101|1|14021300|50056060|99|1
18/06/2015|12|14102|2|06126040|50049010|1016|1
18/06/2015|5|14103|3|50049090|14021300|917|1
01/06/2015|5|14104|6|06112080|14028040|298|1
20/06/2015|15|14105|6|14028030|50049010|502|1
18/06/2015|14|14106|1|26007020|14028030|451|1
13/06/2015|6|14107|6|06126020|50042020|1090|1
27/06/2015|15|14108|6|26007040|14182280|434|1
10/06/2015|5|14109|2|14021240|06126040|222|1
09/06/2015|13|14110|6|14028020|06119050|686|1
09/06/2015|20|14111|3|06119020|06134010|640|1
14/06/2015|15|14112|3|06217010|06119080|415|1
14/06/2015|17|14113|3|14028030|06134050|633|1
28/06/2015|2|14114|6|14182270|06119020|1024|1
05/06/2015|15|14115|6|06126010|06217030|406|1
07/06/2015|11|14116|6|14182280|14021240|955|1
13/06/2015|13|14117|6|14021260|06119070|117|1
14/06/2015|5|14118|5|06126040|06134020|717|1
19/06/2015|15|14119|2|06126030|50049110|937|1
01/06/2015|6|14120|5|26014010|06134060|80|1
15/06/2015|20|14121|1|06134060|06119040|188|1
30/06/2015|8|14122|1|06210050|26007030|731|1
08/06/2015|13|14123|4|14028030|06126020|713|1
02/06/2015|10|14124|2|06126040|14021290|733|1
05/06/2015|14|14125|4|14021270|06134040|217|1